50750 3742
280 49176
11004 14057
23188 10384
18679 17008
29827 16815
27071 14324
44730 688
46538 29265
39771 29626
15949 20721
4788 4831
40123 4197
11442 36875
32406 13501
11260 44554
10410 32769
41972 2373
28195 49123
43994 19087
458 23200
44762 42578
35081 37558
30740 8071
9150 22251
50355 19645
22264 8454
636 20983
23761 48861
9496 36819
47861 40859
4687 7669
6712 37609
15333 8524
5522 9786
43735 41123
29453 6730
9333 5520
46671 15329
43343 13601
48506 6979
31728 13465
25218 34631
18388 6601
44379 32133
12381 46911
26624 45694
47664 512
27892 24560
6494 40738
28547 28244
35363 43088
32248 10039
15210 33585
27357 20977
48025 6817
38699 30195
51 29082
6824 42671
25662 9738
28167 12032
298 27208
35672 5187
17226 4876
19251 8884
33399 30057
20781 39730
27998 50162
27423 19424
48483 26733
2604 21261
13392 30608
29099 25249
30797 49467
5963 32212
47457 27757
18894 18878
5679 8903
35964 4761
46243 33724
42541 22156
43420 41892
13941 9705
22871 12156
1229 2275
20520 20548
20863 35344
22339 16375
14046 35577
6939 44169
9643 47408
4810 41751
11773 33669
21995 28346
23149 21461
26688 10268
36977 37240
29220 28363
3421 24149
12059 50420
27459 3505
10654 20052
48171 16412
41805 40893
18936 14948
29458 30090
33577 11905
39610 15838
40595 30353
32136 9741
40950 21443
5518 48769
3464 47181
41914 40475
30112 10600
48242 14662
22172 37944
49193 37108
12299 40063
12437 41178
32386 5508
2926 30117
753 39374
36285 8038
24616 40504
7831 40590
13811 42566
24141 9117
32204 12300
50 41239
40806 6069
45796 885
26392 15610
10633 17356
38076 8727
45810 45759
37757 38011
42138 46486
4494 13743
4763 12829
7068 31209
16085 15867
3236 3965
130 30892
42573 7278
31058 21740
42553 11456
522 11233
49026 6564
10149 24425
36194 13358
32454 48524
8843 32474
9419 41339
24878 11304
33074 42828
2476 43395
11153 48217
19030 458
5392 36964
23647 5519
47108 46471
44562 46504
9148 43228
41901 29252
724 48851
5900 6370
20344 16432
23617 20211
38481 30959
26461 35829
26555 42628
8524 14955
45981 39161
12300 10214
16488 33359
4416 11128
13459 9767
40572 20756
28992 48391
47266 11068
44001 5800
14048 33502
46149 36822
45523 11551
45411 42296
8 38094
14054 41630
38382 10514
22220 38263
11336 50209
15219 26493
14804 412
19185 3445
7007 17364
1771 2502
2115 29985
34355 41069
42707 8482
4989 16713
9239 10807
30029 44083
48155 40590
35039 2992
22303 22925
31632 43777
41055 18118
3900 48888
50280 11110
15787 18432
30035 27784
6915 21518
21600 41057
6106 660
7037 18752
41686 33044
33799 30207
25112 13443
19938 29100
2680 3609
5992 39351
2650 42047
14755 29954
43092 29043
34244 29330
14236 11741
50142 22906
41056 40642
43615 19544
6035 31490
39648 25271
2518 20124
27515 21416
44504 19961
16493 11613
34001 14992
45834 40350
8896 23235
49142 33352
47000 45780
36539 4820
20051 33940
42098 39204
45836 6267
6542 30498
50330 50378
33034 24573
14820 39613
32247 36249
25570 22059
43286 33508
23210 27296
37652 44454
47048 25265
13182 25630
34385 26027
22196 24366
36409 14314
40371 19994
46215 2509
6481 40591
2515 23932
21888 32734
43307 30119
18691 34495
34175 48432
24917 5237
26658 22718
26905 6531
28631 44814
40073 43931
9614 161
29614 19365
22792 4283
33835 30649
13918 3579
37421 49081
28668 27747
44269 6910
25363 24790
47723 47503
27184 3511
2819 20603
20517 7534
34603 34789
6726 18420
48404 20612
22386 8967
41118 5870
33232 28333
46371 47118
3406 32704
47742 14650
13689 12063
12572 34743
1769 40835
18887 43870
41748 16167
12014 25542
45037 30400
10957 35719
37104 13030
23874 23828
30042 11177
841 14039
4650 5381
39661 49016
20578 13120
39933 3624
43802 29553
20175 19416
6346 9314
30587 48070
27726 22812
17109 41359
367 31586
11401 23296
11189 23325
49342 19337
49937 927
34713 47427
32118 36198
19458 7712
46791 13458
155 14269
44433 14759
18842 47051
49215 3359
3219 33082
19029 11310
23432 24157
8902 5786
30141 43586
34926 23467
33389 44576
44417 36768
13498 4154
12738 40611
32136 41709
36506 19602
9570 14949
21113 7774
42740 7867
24164 5863
38856 15430
13378 8607
33238 46916
5374 13054
30518 5316
2506 26533
37047 49498
22573 36306
50303 12847
26893 3860
30054 7028
46925 44164
34944 36722
10758 39947
13712 40382
11882 20270
35020 17267
32646 6834
616 25805
34059 37439
14799 3233
1557 22069
2340 41010
21131 49682
18203 22102
24015 48824
33560 36962
2286 24352
33464 16314
25378 20433
26814 20478
50269 12497
29896 28601
30179 269
37453 35596
16938 26418
36684 15131
36689 17630
35682 44939
30939 45235
20725 11321
32329 38549
15420 26603
44990 16657
12044 14728
22545 8035
40584 18999
26150 48900
8003 12546
31202 42356
46778 34255
37046 43587
14048 28052
29969 25779
28613 15250
40913 32102
50311 37127
41980 13598
24619 30394
30298 4367
14335 6374
21907 39367
10371 22592
16369 1949
50623 42208
26510 12731
2496 33593
20817 45911
9670 4202
363 39279
41713 41792
9396 33099
38537 50091
39710 33059
35830 3808
4077 7693
5402 6970
47446 34370
46162 11591
6425 20410
31112 32410
44501 11341
3788 20419
19622 37742
9015 6978
43374 15205
3627 36523
16731 22270
7709 50108
4140 18342
43575 32744
12749 37067
35206 33589
31264 24706
25109 12359
43034 19171
3120 27146
285 46613
7199 19341
8051 40031
21391 43096
27929 11103
4523 35749
40009 15318
14207 14845
20470 2546
34229 11319
8304 16404
35038 34530
23632 7532
6812 42863
2421 47279
10839 32673
22612 39480
48439 5161
11147 47709
5049 28225
36340 22298
43868 45484
26297 17468
35712 4770
46264 25215
16183 18944
26489 5288
43116 28269
10239 45966
7875 31160
34918 16896
15007 34601
16811 14684
30909 12667
2528 21307
25757 30792
18021 42036
14420 16704
12620 47681
17443 40547
12193 29322
22514 24118
6381 12572
42987 14330
47765 17492
21670 3422
27422 18850
4931 19349
26928 22023
36018 37684
1674 1249
46031 49212
4094 8946
37505 27532
12416 23747
34712 13917
18422 10898
25563 16019
11413 28467
35639 37615
40578 24079
22063 30280
13964 11474
31499 12276
12419 10887
3918 48903
23528 23351
48762 29468
17288 2831
11991 49451
34443 25013
46548 20684
26699 7666
10377 7921
34499 3544
32311 28662
48544 9368
42448 1756
1668 11306
9312 14524
3176 38899
37282 49253
45377 26118
15012 13882
18387 16502
30158 26859
17706 48779
8840 1230
48031 25497
43465 21693
28934 5978
24914 46695
4901 13696
3617 20462
6802 10744
42756 40604
11194 26116
48356 48468
31117 39623
3581 33908
35584 47312
38641 43773
12852 37666
31292 33473
2411 26498
44456 15103
7422 12999
4432 12820
39534 4050
21574 38057
31321 10691
1181 4656
39126 28761
50536 49110
25600 39599
2901 14964
21746 21041
9471 38024
40843 46456
28376 47711
1207 11602
3343 720
20796 49154
47029 153
49371 50703
21320 9226
31831 14675
41924 3896
26813 8044
7987 34209
15043 14728
4738 9691
18277 14604
13993 25339
42666 2428
21832 36792
24507 40972
69 43154
42772 21528
33799 30471
9452 39074
9588 43644
9124 40651
11380 11145
25818 27746
19514 49105
3287 10266
49114 37413
47752 37963
26411 8886
17252 41255
22667 12530
8209 28142
28767 35217
35072 14173
13578 7858
24270 38093
6165 6744
33547 6278
41214 5623
39155 39954
34799 36490
15232 9440
24634 21400
44422 11708
38550 31778
37631 548
14388 23530
16083 37657
4448 14714
45298 26127
4594 48044
18387 50043
41182 24741
9363 3208
46503 7251
15099 3858
23349 24169
48712 49610
26468 26794
31788 29999
29494 18351
34736 27399
45319 21997
6856 31844
26193 6870
41627 16252
17527 2848
12543 19382
9205 31892
34109 30056
12983 22354
34319 22201
45615 24454
36756 31403
10902 23971
5907 23682
30095 44494
28336 32720
4260 38152
47987 33986
24944 12872
39431 24579
15630 42254
44440 49012
40428 15854
42499 26828
35853 27123
28575 33521
48894 14051
9985 47286
13759 29295
16479 47286
14381 35557
50347 32955
35666 49266
30336 43154
26980 45146
45431 40508
6973 16291
9037 35497
2661 10330
42569 21591
948 22727
15574 5498
12201 48957
27511 20862
12193 27493
44530 24632
19872 48548
49513 3398
119 27514
38443 19326
32321 47932
32282 48123
5143 50337
48285 25395
13443 15999
33913 31840
34311 13775
39888 24562
45538 48397
35647 45283
28103 40105
47634 30887
33067 5019
24373 29274
30251 45953
4121 23853
1671 16025
32004 43683
33623 47500
50111 47627
46348 34411
9376 36570
34051 20485
9679 43440
14845 6499
29005 15048
47915 3738
43555 11229
11828 7769
40482 22501
26942 26393
44422 27498
27737 9046
25830 44092
4684 5146
16051 12392
10897 2941
43403 34433
14495 36415
22812 11910
10499 13156
26198 7137
5003 9598
45626 41792
4786 34132
12971 44616
18348 40726
14974 41398
12399 32391
3889 33495
39178 21658
1870 13710
12605 12912
18768 42835
3949 1334
18083 44208
16144 23600
32734 5839
3889 15877
39082 36003
30166 33516
31568 3087
14245 10235
44751 29071
44132 48052
20872 2721
15316 9165
2970 1250
6035 38797
4895 20652
11945 42541
47641 31322
15862 3752
6000 4674
37060 45610
47694 6741
2414 42756
43870 10931
27623 28436
13913 43138
13748 33544
40835 40509
7219 39016
42872 33218
39427 44603
36362 28406
28517 47062
17928 6143
9088 45620
8465 26729
6977 4095
7128 20201
3760 7604
9242 5478
9398 44355
9556 28624
6506 27960
33312 25793
33875 31365
8951 48983
44935 45990
473 33124
31048 40583
49904 15608
10899 3620
13074 14226
33532 4131
5764 31969
38822 23081
37147 34409
21128 40831
14257 21543
7062 14533
45045 15350
20939 2487
22310 22391
1059 26556
38676 40344
20237 4088
23463 36844
29455 33076
29172 16003
19608 9734
38409 37507
24251 25986
20572 35103
13870 3839
4771 3635
4044 10516
1647 1421
14109 24603
34525 13024
13671 9218
11555 19507
47812 7188
32490 41299
24563 30123
7668 24388
37535 43818
43942 21161
28495 4613
37335 42202
4352 23346
791 20528
4935 11871
44233 36981
46516 40431
5404 6897
14872 41634
30261 25486
22657 5364
800 47561
34309 18147
15379 14585
49340 12133
5822 46854
25755 21961
14987 20546
6482 1894
22142 29964
30632 46120
19515 981
45842 10405
44086 6086
26121 41876
50345 10857
8586 25643
31332 30861
40860 47058
9433 26329
48726 23515
33547 31886
33303 9430
5631 37712
17710 7872
3295 12541
3290 17907
9987 49196
34483 57
1025 37527
10986 24681
31049 48033
28096 12309
28029 3509
3879 36115
35602 48514
40188 677
43870 8296
17285 30720
27550 40568
16893 43744
46864 38805
2985 20256
26697 8910
5840 16862
24367 9279
47055 10518
1336 6076
12164 4547
9936 14211
16436 24496
3030 3697
14181 32752
15456 40928
23167 11269
49471 28168
48809 41470
47571 4866
44405 18012
8412 180
12959 41646
4884 39722
480 23934
36861 11068
8652 6960
19126 3996
29320 13705
4683 50126
28581 40968
22844 32755
15211 16476
47670 6226
5180 35926
27145 45000
22630 26592
8753 38454
48199 15011
10879 47810
31537 34236
26283 35778
35117 11786
36704 29602
18792 37892
15085 32871
11786 20483
13352 36240
28186 18998
32283 24321
12777 48110
44734 31511
6883 49425
39057 46457
41422 48258
43515 38060
46838 48537
3017 12999
46629 22455
22390 17373
8664 5107
9649 40552
10488 8176
32826 47348
50108 298
10999 18921
47395 31617
24924 31203
2013 38983
45580 30765
7980 25904
11956 32008
31463 45047
46863 49858
1301 14322
40183 49183
2411 47931
19008 2544
37043 37752
20070 4558
17863 15873
15716 8847
47697 36881
303 18400
15522 2917
49932 35664
18919 19975
37605 6722
29157 48286
33996 12151
24051 10720
16293 40564
43647 2313
47180 49233
2464 13114
47532 48372
30649 8665
14430 18950
33532 38087
11743 12298
37646 9976
27722 34949
5908 43347
3247 40159
36742 9705
44809 33974
31962 40173
43831 46579
48514 29469
36883 15351
14056 19653
16084 4212
39805 35920
33521 6614
8801 50415
24258 33407
15145 34325
19422 24214
32614 24779
20428 38051
47729 4354
15754 17006
7446 37318
37018 11207
11575 22756
36163 48627
21569 45319
21837 45360
20158 49161
308 47248
47538 42691
41805 44293
42787 46113
19583 20210
1030 46326
38639 9413
7751 37893
19597 22251
45806 47779
12658 16709
25916 21576
49056 25816
44797 22075
46462 49251
13068 9520
48859 27704
48164 30877
5 41977
19370 10621
43913 33783
36062 41301
31774 42485
35989 17390
10455 14049
1464 44159
6127 7712
45259 41820
20033 15261
49446 9991
4183 31221
32123 40383
24704 29659
9492 12658
28805 32359
19799 11260
42365 35888
27503 36584
27095 19152
7977 4719
18032 5724
42145 32442
28414 25441
20459 23879
17126 49533
13046 37983
5852 4811
40371 1701
29379 24774
26496 40761
46979 27765
40119 19183
2845 33457
34186 10626
24221 25336
39159 39311
6169 26
12820 45872
26990 23104
9267 42354
4418 32650
31026 28311
20339 4357
49913 34911
41945 8592
20798 20005
50157 48179
22441 17915
23272 5827
27547 31178
3361 31975
44523 23542
8739 40986
50204 28790
49291 43110
37311 8907
4442 1020
48320 21627
48102 41469
29742 35468
3637 41843
36643 7200
37321 41304
581 49454
10423 31832
16690 48784
9961 663
12360 22399
2010 46210
19538 49031
49560 29936
38486 16432
38847 28277
34413 4072
20193 7349
50494 31355
25873 24028
9227 21586
13764 38774
49836 48685
36771 47838
47321 4060
16882 17526
30397 7454
25806 39504
44586 5861
5547 13451
13583 49776
50670 4953
13764 14906
22807 6365
30545 43991
98 7400
17568 22766
29965 48492
32568 42803
16669 6130
45886 6061
48346 4264
50152 26304
28190 37590
4577 27131
6241 20831
15836 48795
46638 12827
25191 37658
12728 8861
16571 35065
13518 29396
37734 8519
26504 17896
40365 40379
14623 13571
20374 31988
40333 41225
26387 29897
11842 8415
7240 17827
23656 26334
14208 8158
18074 12032
39432 13319
2643 6079
46320 50494
34672 16421
46439 33830
33957 33253
4272 46111
47019 27345
11354 41037
21377 30214
36005 6158
36843 1144
45155 38977
37993 14978
12219 29621
41932 48188
49805 5725
42703 34400
36075 35281
6609 16238
5588 11275
29856 18142
44296 21358
8848 13671
11168 34504
6420 13038
34721 28996
39130 11057
24847 46603
28770 47460
11990 9524
45752 29416
16253 28615
30263 526
17148 25016
43462 11676
36855 19045
13361 41821
12100 673
26728 41375
45488 19179
43682 41907
15546 21186
44402 23538
11428 42622
14525 22533
24990 24485
16817 30459
11381 5973
38125 29808
12729 28127
11016 15236
16043 4292
47157 25866
43115 41189
48761 13804
12977 30786
25954 13557
27422 11038
24699 26600
32707 49402
40777 33492
14748 29909
6540 33536
45804 22003
37267 45811
39297 34753
44627 6458
10728 25047
16032 49521
29472 22791
32399 33675
46869 20257
15732 43461
50606 4944
39902 40191
24033 35091
40940 31710
47775 15561
45323 342
3754 43529
9803 15242
16204 47447
32982 43858
35679 19196
29884 34869
30332 25914
36057 31690
41533 40202
44483 3701
38476 2933
2072 13448
41231 47307
16590 15092
2822 16183
6696 16139
40346 22785
10484 16580
23724 38149
1594 40544
40346 43095
28897 38801
45445 44271
31030 23218
17309 3031
17816 26508
36493 47194
10188 16345
2886 36208
27169 10925
4832 50591
28653 37406
37001 9688
45412 32904
44157 3009
42826 5791
24345 5636
38551 49430
21649 13028
23344 35109
21378 18913
25753 45638
26793 38212
49198 14924
14468 10573
40554 21782
22391 10614
1536 11005
27764 193
24281 46400
5806 27031
37279 44075
44356 13578
5473 9062
22418 31915
50692 29456
4935 42776
21426 43293
35780 42828
16226 48553
7837 38624
17736 4651
20245 49515
11554 3666
49489 43680
9396 15783
40891 20474
48879 44479
33628 27004
13251 16797
26157 22519
41667 48649
46920 455
28499 20481
144 41820
11689 8574
3337 14957
28445 42441
7499 32361
25421 46878
25667 44865
27047 25752
12267 38192
1439 48120
13574 34279
43476 22141
9563 33377
7712 20308
14492 17872
31277 2268
39280 47438
18418 3562
27040 37784
19959 10519
6517 49815
82 26837
43991 10044
6689 21702
47508 48983
18623 20690
3282 26945
12983 10645
18890 370
50191 48848
15836 36064
38405 47727
24376 6994
25280 37232
32136 6349
14414 43646
33 28807
38632 39176
45924 24980
50708 24339
171 2774
3370 41395
33003 23288
5258 7327
469 44973
27327 11973
13400 49399
27734 3892
32422 10466
45113 42991
38605 39108
27606 48508
24963 29730
9738 22181
40528 11615
1191 30927
32833 31789
15976 12008
50075 33494
35440 43677
5235 46052
43197 14606
12184 10838
17371 36844
48381 46754
36436 12215
24156 2521
33743 25669
36866 805
48192 8338
14357 48369
14632 3143
869 5399
15125 39514
25197 16882
2414 47
12479 37406
2559 36171
27995 24998
49823 9040
38220 2758
37518 36635
16964 12559
32434 280
8079 6404
44091 1684
45034 32843
50466 6578
34900 49466
19334 45992
18982 27090
22647 28576
7086 11919
30729 28627
46677 43092
39508 24210
6223 44599
40167 26940
10041 32261
3348 39306
22853 14419
33245 10556
7288 36885
38138 26276
39856 26923
3440 23474
1560 30976
3963 20153
47009 32401
29396 42992
7956 40339
35211 35990
36559 230
50391 41159
39248 38377
33341 19495
41514 22753
28309 20136
33174 44491
16139 3617
30809 24162
26298 14226
23590 11810
46915 406
3027 13602
3871 10145
13319 13230
47073 13499
11987 10290
6744 20352
24027 24411
35024 24263
28095 34979
13819 26967
47145 16803
18105 41860
28294 27895
13676 27786
35345 37360
19150 44872
23397 28692
9252 45034
35868 44767
5951 26673
27506 28279
8057 13401
4441 4138
44685 29745
4292 46732
23985 48422
11811 43066
29594 11054
7816 30356
5388 26082
29341 11021
35031 2909
13325 11285
1382 586
14010 26499
14670 10719
37175 48541
49782 4664
24219 13423
33804 4592
44009 17161
35824 8115
9898 33927
35553 42711
10229 21211
9112 41129
33090 46780
19698 16841
26994 497
17753 10985
3229 18480
8929 28823
28698 4404
25903 40066
32996 46839
28197 39776
50306 35840
18791 42606
7167 16930
50165 34995
21289 10908
30260 14346
27807 45519
48677 30894
37215 15770
35484 13050
30192 35671
36860 1320
36236 34682
22077 40709
12585 6935
47309 6895
46673 19399
35475 20832
13306 15519
26739 14631
42883 23360
6768 27104
49581 972
1714 5217
24792 11399
47926 42196
25937 19717
4881 34531
38354 29999
32749 16417
13161 41561
46405 42273
47647 38311
46460 45562
17953 31379
17232 35459
17214 39566
13751 30663
30594 37501
16464 49360
41431 20546
29569 37346
11290 1789
49444 47665
48076 22311
15385 12625
23857 27081
10599 23812
2427 3864
17469 34574
5284 50028
44538 7337
1569 17465
37231 7459
24131 494
46352 23804
37125 25675
32563 10291
38 44365
3714 36764
763 3152
2719 22837
12056 34830
18347 36008
42046 35504
12341 10196
18994 18455
1391 25118
21022 39735
31736 21858
15901 42243
11863 13735
25531 38851
41205 26748
40615 40754
31169 32356
40765 25137
17091 41503
5799 48794
48548 12483
32716 36314
43901 27438
14336 18646
24304 22722
4206 26853
40033 22809
29597 23961
46810 20508
48627 28880
16157 27718
37125 41275
4524 13757
22783 34099
18973 25967
47292 5641
19171 39429
29346 36160
7965 16924
24617 30806
47902 15528
27529 15835
41883 37922
27577 22790
1428 19784
32978 48927
26372 50413
9633 4958
47672 35226
26152 49894
15561 45559
15878 23347
21122 25543
42595 48439
9755 5792
21460 20978
10753 32512
32113 35197
35854 38714
35419 23247
34912 29219
50336 43113
32536 14571
21221 39860
10780 28124
30768 3256
47448 24750
8984 39101
50416 46442
6872 2595
16507 35390
34649 9096
15945 50667
31304 44676
30477 39434
29214 4116
38261 11251
1696 45772
22684 42876
2357 12047
47359 8530
32795 12941
5667 25977
29717 43244
27369 29255
3524 2981
48286 14900
26807 25647
1944 17117
8987 9893
34071 15944
855 49470
8895 36396
39392 32316
3280 8116
1345 47456
22967 38008
13106 29443
34501 6647
35544 38871
35742 5625
15150 22043
28426 39822
3821 20712
25134 19718
7197 39310
34724 11314
1474 14650
3868 49782
1136 9622
30129 7636
40452 13948
45720 41843
26379 48839
32763 22590
16088 49293
39483 19447
4192 16243
47000 15647
41401 49158
43447 16183
15609 42324
39244 4990
28056 41566
37685 46939
19217 7656
15402 10037
27314 39494
50275 8783
38131 44516
28752 43880
6142 1751
11346 9817
1137 2380
18701 16303
38884 13641
636 50720
5556 17132
5936 32920
39487 32063
44415 8705
37566 5825
31949 21163
8391 24783
43990 38677
34706 47420
26523 38761
26646 15110
43992 47719
49711 11771
12588 26913
1643 39769
34485 1371
1464 17865
4292 38063
17783 33693
49587 710
11452 47035
24137 11624
25946 4601
28138 923
50136 23972
24512 26851
25422 47338
4887 45184
1454 30197
12935 32287
38923 37278
41683 16809
45939 16199
14114 13112
50258 26668
41039 22547
13051 10893
15414 1519
22470 23633
9357 45132
10355 26017
44946 8280
1184 37924
8441 36928
39822 37108
8055 3219
33863 24686
2802 15686
2570 34269
11571 42422
8907 37143
38926 30586
4555 49978
36971 13660
8204 49795
33381 26419
28511 3647
27656 38099
16992 29686
17900 14697
22476 4575
3868 1383
47400 19097
23451 23229
43890 8509
46000 28803
15655 43229
26801 18930
25443 4947
17485 42306
10662 35340
47413 41829
10809 47761
45660 42016
39955 29768
40295 32379
11266 31618
44633 40012
6912 24065
31751 43088
41982 25006
12590 22543
14293 4990
36721 14329
15985 10454
10777 34410
23551 7350
42134 24171
7121 25539
13952 26253
20071 41253
46534 14669
46572 6584
5591 7494
19728 20788
26993 48712
14613 875
48824 42535
12022 12017
41589 38216
32721 29020
23347 1854
11089 23907
48908 30979
23205 14981
20556 13384
12391 32796
4514 22939
18643 8001
28787 17742
4910 10811
24728 1197
10483 47437
36332 22891
13840 11499
32943 44952
4419 31775
374 7740
25064 46939
26396 27281
23676 42537
39447 44319
14058 10472
31771 29973
16244 39450
28444 19915
5030 42635
23507 1777
18364 17381
21300 4280
40407 14040
28900 40438
15393 17046
5581 14234
13813 43055
39108 37052
36481 9081
40055 14492
23243 33551
28071 49812
47894 47045
780 45598
36133 27995
50046 40036
47674 2849
16585 22832
31625 50684
23276 40226
14713 20278
26546 17553
42963 47546
5928 33734
26912 21158
45708 449
1941 29593
28472 29785
20455 8483
18388 32962
30319 8455
40394 14441
2109 12917
10090 16392
8040 22028
39933 4819
49799 10637
40426 36340
25569 28830
44930 47827
16346 29655
46117 24367
43348 852
22266 29131
5133 6125
50120 16966
2059 49807
36105 50661
5637 43511
17272 18509
6094 23518
19429 40844
2815 27457
8070 14706
31063 10982
12249 22435
22031 3962
43124 20365
28939 37165
5343 41312
42808 11202
39310 43682
7456 5069
35643 2645
10559 12669
6878 26293
19224 36734
42712 15227
14917 49914
20812 24787
40347 27813
42565 24678
7188 45630
15992 38878
19214 1685
23218 20323
18265 31968
38605 30164
22105 38864
8447 37556
42329 1966
11898 17335
27678 48594
47413 46656
42765 12227
5754 10305
29256 21905
15739 50099
26259 26886
45958 45492
10089 37693
3490 23883
32277 43332
40487 12650
46479 1192
10563 39595
23016 1399
6914 6169
1670 11785
39680 33896
25757 18765
8136 27472
9618 33821
46618 48782
23864 40700
39818 15828
22143 13510
9022 42924
3422 6660
46474 23947
33861 26199
35660 28549
50114 20803
11187 7375
44100 37598
41599 41125
13755 18823
18051 46844
42825 36464
12713 11025
8599 24706
39058 45062
43388 49530
27037 23123
38727 35430
14626 45732
42790 7485
45334 31751
5859 23391
25326 29691
36539 19234
15601 24759
16818 28080
39196 4353
44797 45663
43863 37696
10130 25981
5313 42714
27646 45857
23989 11471
34132 36853
1541 6522
44167 29462
27369 17885
29168 462
19760 44372
46239 23743
30733 1404
31230 49936
38073 8804
35557 36283
12048 10644
13847 3010
36499 12682
42120 37650
41443 4807
41993 15991
25761 2039
25378 29662
6525 36311
1987 29791
26140 9207
24076 25319
8214 35929
28954 47855
15835 8837
30500 21532
21327 31841
3000 23059
46136 32197
12838 3698
20877 3241
43345 37453
32235 13171
30381 38212
10083 13742
37492 32759
42794 30887
48808 23258
37259 22296
28221 22399
21050 39213
42518 28448
34516 43387
10984 32864
6472 35314
27878 11347
14557 1100
30009 37812
33679 48011
49748 12315
18388 50574
3174 23372
37814 46126
25984 28969
40948 19941
25630 8428
18527 24679
42974 11181
15333 33233
33768 48911
26315 9983
28897 47604
18240 4942
31094 8967
738 38718
1302 9277
43319 31126
30791 4299
34670 30207
2553 25098
780 35715
22180 46755
10981 3095
38149 47134
33132 15756
32716 1564
13196 35896
38644 23105
30200 6953
28842 7937
17387 22743
35902 39186
5576 320
22142 44488
36405 38433
35066 38658
38758 5279
17026 5819
23864 22016
34117 40990
30716 14578
41182 973
8315 32116
40851 19577
12259 47021
14069 19303
13828 38878
21547 16317
814 6735
13721 10166
2876 11675
11132 25842
11211 7176
10151 34963
32803 29348
28560 34040
1806 16025
10709 31226
40562 5119
34682 36743
17465 14410
5537 32450
18793 48096
17959 20592
1602 48487
13236 31075
45375 30070
20681 33862
10257 21927
11051 19866
45498 12658
44227 7603
44680 20897
18487 18807
50681 15216
42923 13711
38748 15167
21292 46248
38209 46187
11851 45259
13158 1879
4409 42079
8141 5092
8136 11754
32674 6891
11712 3737
7696 3731
10579 42253
17517 45716
2289 46587
15868 39878
17034 45510
24352 47838
13027 42029
48136 16794
5068 41770
15805 27488
46093 19322
31319 12043
1539 50434
16015 48157
9574 9363
7889 18134
13055 8234
23445 12798
813 46960
29738 46266
9239 48156
1241 41832
27427 45050
29901 8529
25871 10034
17875 10745
46191 31770
38770 2743
2120 8895
18477 12035
24954 32028
41523 12880
23977 9943
19614 24622
21584 2604
13056 18773
6626 44650
6654 32197
10771 25576
3392 22105
49602 44326
3056 5680
32908 21636
28735 32291
22907 2367
6707 27123
12709 30361
17082 9266
39646 25785
42297 30631
5695 46101
11734 32559
6830 18919
19636 17838
35427 22781
42517 31311
3365 11878
12060 41939
8402 3927
40451 45291
16919 10196
45725 35055
32629 45169
13078 13353
38194 29423
24946 1786
19594 1086
50544 6754
25005 7387
2696 49719
11712 34790
20228 31077
49192 17251
32566 36656
29660 48377
35558 26930
25039 2827
45826 28072
26761 50076
1345 36216
33381 4108
7692 3267
18625 47337
39825 39908
2322 34872
42950 2608
25474 42242
30238 43061
24714 12751
34468 2905
22276 27055
19715 6661
27762 32326
10246 17401
39666 49860
41670 7591
23865 1869
35250 31209
3970 24146
9571 47522
10634 23382
48427 2614
27853 45468
30660 48842
45620 40015
50424 4952
36845 15898
38426 22576
34993 27153
43618 2082
25844 14234
35071 46528
2268 15485
23901 27924
10589 31374
2402 12682
50392 32586
31950 40702
9117 33318
16160 34047
35244 2681
38921 41610
26933 48403
47068 33953
9518 12270
40668 2144
1039 1796
435 36942
45371 11438
5162 40816
47854 22241
45711 41500
10714 27124
49408 18196
14190 15768
48682 19512
22942 31597
27099 9998
18615 22840
29306 23245
39216 15372
25909 32186
14379 37033
24462 22241
5652 479
11523 46588
15214 8881
2107 32205
33779 6781
1997 26070
842 2476
17739 43635
12849 499
17468 47249
27355 8001
41079 5599
2488 34171
2919 48054
38348 37042
23935 18713
17085 6512
38199 35954
10419 36999
20105 32704
10382 9623
45698 50327
30395 3696
3616 43501
36673 15000
10704 9201
7790 128
23834 49525
1267 11959
1664 19453
50447 5049
43816 7768
9003 39927
42530 15733
38461 11437
42046 44505
28883 39087
18493 1590
48668 10696
6962 38288
47772 24139
31729 27805
26326 23123
26436 46021
31853 42013
33391 18648
37878 11169
17618 45113
23792 29707
42768 28953
46472 47389
20872 9167
41550 34559
27920 23939
21234 37921
48875 42660
26989 47507
33918 49769
12058 13520
21653 42727
13634 40539
28852 27250
44047 6225
20036 1930
24071 4271
33644 7567
32638 25454
1984 6318
39529 32688
42018 33852
44826 22729
34480 13656
42332 10852
36929 30024
21779 34621
27940 29497
19733 20152
12179 42588
25365 31615
36452 24306
10080 48558
19544 41459
43301 1697
18131 45848
1809 36061
30152 39193
11134 9124
8200 32341
11755 2922
46705 14834
50507 45370
44127 1436
41133 41528
49301 44875
37972 8306
19138 48526
50610 47914
11856 19114
9306 43433
1482 3361
45407 49713
31906 29641
3841 11637
816 17525
7950 26202
46442 45077
36300 42175
4714 38919
33959 29389
11584 35399
28392 9879
13241 44128
34420 15315
28188 39285
1919 50508
12883 36698
45374 15651
7881 20307
18482 17706
39076 43866
35959 1887
7855 33428
30445 34664
40921 33512
29614 47069
43391 32334
24533 1348
30405 14358
35369 37897
30926 9365
28920 22534
15848 24290
38032 22591
32002 33597
11869 28740
592 45676
28849 35177
30377 49929
46900 16680
45183 22842
30911 28461
21274 7174
45455 16469
40945 8447
49245 26053
17852 6045
23311 20044
32403 45588
24791 44136
38279 11230
36621 22664
4405 16376
20992 25895
18741 35350
38488 8592
10783 44277
29273 39385
37014 40321
25457 13263
34896 16102
38303 4947
40399 25000
23502 34979
36342 16999
34238 46369
46461 49687
2460 16382
42632 36566
42168 42550
38910 18448
45545 42291
2720 48773
10820 584
3179 26750
25578 9848
40165 2193
32762 16343
16389 41811
8887 19369
3646 37204
47780 45906
10826 9656
27983 49900
17433 28813
45654 3128
20505 28420
10326 14229
33284 16614
946 4422
61 35518
10018 44119
36381 46722
26106 28997
49603 32470
20322 47624
50308 41942
40427 15631
5890 49357
21501 23569
5270 38216
46158 28739
32366 32931
25717 1626
35975 5107
43726 9932
18871 1471
41707 33773
7545 32819
10086 28163
18472 50503
35170 37267
1916 30693
14017 37309
12732 37054
12149 26141
8212 19592
34669 33396
31193 50465
16942 36176
4572 37023
37633 609
19361 30537
39135 47953
45494 42298
46567 1478
7289 11135
29114 23253
32140 27131
46069 38019
3038 13854
15937 40576
27258 20355
7976 31738
27513 1680
2395 15627
7271 13167
43480 15465
17893 41770
50172 50055
48465 9122
12923 47419
42700 38179
36771 34476
28811 1404
14743 23978
22562 24292
4605 5626
30830 2078
40956 44975
26946 10570
24300 19482
42285 34276
50409 30717
48608 5804
33292 35191
4236 9307
30328 31894
23208 36500
3951 27771
47988 19437
47333 35679
30033 18027
43913 35896
46141 15834
47230 12941
9831 10111
4177 24350
22832 28845
32646 21260
35168 22636
50300 24880
11787 6869
30101 5008
19631 315
10275 29479
13520 49313
5666 37963
24901 49797
15388 2561
4923 29776
33680 37958
40585 4324
29583 47439
27012 16435
23405 31849
46182 5267
36993 22887
7170 14717
1803 28726
47703 11209
11920 49871
35474 1584
36175 30619
13709 36682
31970 3703
7719 49424
28931 764
18128 2944
49697 11981
27592 50119
39509 46498
13686 8030
30295 45046
46352 24749
7448 8005
18554 11457
8206 50407
37435 22277
37318 40942
16869 31273
38718 7468
17462 46796
44988 11478
45308 49728
41141 7213
3500 12608
28436 6897
38926 11344
6791 30433
19011 3401
1188 626
35735 26647
39673 11487
8501 24088
33351 18350
20783 3750
43444 9201
22975 37719
32313 32063
2085 42486
19954 9333
43269 41270
9581 47117
50142 39896
38711 30441
29664 8280
36448 42798
7126 32003
36634 22326
47943 41203
14381 14395
34773 44685
2356 47619
16198 11925
38859 35822
34107 44262
43296 17782
4174 14131
38507 6207
41052 37108
26169 46309
24203 24603
10278 32578
30103 42420
30162 6600
36292 13329
82 51
4268 6702
46634 33364
2156 19
26093 3577
20391 128
10039 42401
24314 8874
15697 44328
10620 35786
13354 21178
22122 15092
35193 10841
16210 26082
16643 34107
42489 14326
28707 6592
2334 3030
26566 42718
48780 16069
10707 30940
47224 35319
10293 7976
6901 45020
5509 5140
50324 32703
48381 6205
31657 15894
18832 47886
8948 15798
34186 5980
47498 1448
14679 19232
19351 24529
5453 42635
37168 35527
17208 1950
43613 48790
24293 49574
32232 5504
33228 35155
37551 46069
1686 39110
473 37427
48341 35142
18073 32507
7506 50443
11597 17503
20645 48914
11932 9818
25592 43968
35158 1308
20741 22248
7264 17923
18626 42663
6950 27193
17281 38308
13406 20856
47883 28354
24314 31595
41531 12223
34725 45667
29409 1317
14890 24500
34000 29716
40703 39288
30997 26025
23670 19821
555 18476
3004 26092
30960 10012
3328 27488
16139 15581
1972 20616
40185 10166
9280 14463
1125 41844
32988 4555
49203 3872
1398 49695
37461 39708
6489 15519
2815 4952
31538 22656
38607 29251
36862 31083
14563 29828
10297 40963
27058 24628
31810 44637
7731 41510
16806 45955
18525 49186
44534 31540
44452 14823
8538 39199
30103 32640
4545 5721
42166 29406
36553 37308
3724 11801
44740 35997
8068 38387
47568 382
21707 25126
37840 38306
41554 32486
9362 45691
16327 42677
4991 38901
42680 2024
23415 32986
47756 11577
37372 40748
1301 50469
20627 5409
15593 44328
7415 8069
32181 35897
42981 37047
19654 10387
5087 31227
1867 15871
29687 17135
33658 10887
49187 22259
5030 2785
24930 31097
30632 49683
16931 41203
12252 34243
31198 16328
44897 48821
44817 44363
729 39531
39447 30921
29152 27635
1688 40582
3382 17554
11309 45486
7196 6276
49099 14776
21525 37805
6998 35633
35781 41446
21782 28566
35277 4564
37534 49354
30296 47370
11491 14326
48196 43918
24895 24980
14863 805
24039 37927
28737 33426
29598 44647
23544 23597
4125 12831
28143 21445
37711 43085
30644 33391
37707 9256
39416 37231
13239 32799
30282 42594
22346 38401
1544 3501
33542 46578
47574 6483
40815 37426
3354 19128
17848 13797
41115 18018
5333 50562
2217 33361
22299 7703
12023 28605
42884 30613
37284 13054
26783 20882
15013 30036
27640 20583
41696 30283
22731 35501
40393 28783
35030 35332
50416 31699
47508 32759
4534 30129
34980 41557
7818 15249
32848 42280
26098 40182
50731 40551
30229 29160
48357 4767
24759 50225
30007 19913
26815 4176
24898 48980
12292 13243
42229 6683
4874 30535
36016 47537
43664 39289
22961 8378
7155 25340
430 32722
30992 36820
30564 50320
15046 42067
15322 38973
28923 26490
20205 40854
37778 37916
24209 40428
41853 40736
32211 10454
47753 34626
10167 34606
4058 33297
28358 6195
14747 39276
22123 26637
36621 11543
17896 10959
8430 38183
5886 19492
11712 17779
7317 3773
33524 30022
24454 34153
29407 32898
8998 26986
21368 27120
38301 25742
39580 38445
32046 10764
38529 19750
46492 11625
33482 41343
21045 40263
37277 47496
17057 28298
46129 42399
5359 6913
19950 17000
17608 14265
33549 43883
15391 49832
49843 11703
33093 39188
47768 28880
24112 24543
37017 39009
11304 42124
4754 28295
16139 15501
13830 14266
5291 2071
43497 8028
40911 43973
3804 5608
40352 22955
48750 35039
27913 10940
9601 28636
44270 47176
31418 39916
13090 2700
26415 39523
18081 11546
21463 38784
42165 21953
18485 13608
23543 4492
50673 30310
47375 10350
9140 268
33686 47754
34816 2665
30250 46951
15389 5338
45531 17183
2188 41365
3820 18283
50288 39318
12334 17580
7896 2793
13379 47120
47108 50742
43496 38949
1696 44290
7739 16717
14277 31903
2750 36390
28540 2450
14522 2773
2143 19653
2488 35448
41429 34768
42512 44920
17231 48640
16659 49777
39481 28663
22378 31295
13529 43805
18130 47256
35904 6419
4050 47022
49881 11381
43469 39886
20546 15735
38005 4913
46912 47099
49933 35079
14784 35113
48198 34860
32286 42118
42960 13005
40828 5462
28669 20522
29285 39648
30452 49008
32713 33990
27369 10601
13997 26123
47288 42217
16357 28486
4656 48908
41653 17079
11139 6980
13165 29737
10634 6584
12129 35904
6374 25193
15454 26634
22225 42065
20327 13913
2231 39530
41720 610
44274 11698
2483 36428
46928 35315
19443 16579
23861 41239
33081 38155
44040 4199
3351 17312
38759 2355
42142 49804
35233 22921
35129 43130
48636 26884
28642 43703
41380 28677
26027 15034
19620 47973
27390 10880
6975 13562
922 24539
45878 2212
12120 22248
27114 9972
12154 13927
32667 37890
2975 42101
19491 48528
2682 17212
33228 32130
3635 4584
37470 40681
28993 24941
12468 40268
12239 48032
30109 39572
39700 20126
22304 21127
9861 1943
10550 5311
25641 7781
43477 11848
50096 30390
8939 20807
31158 28860
27295 3919
1491 43448
35876 37200
24564 20247
48618 3692
44764 17463
780 33772
4530 42710
44651 21016
10560 22421
28188 48359
24786 1311
12225 30037
7186 23247
18027 2561
28093 42166
49137 25161
17151 46934
1664 31689
19346 44685
38059 30930
7973 5105
921 32345
33001 39154
7171 29216
42701 19477
33675 37661
45929 299
21388 46878
40763 37750
44076 19132
17173 41969
10931 38783
49081 7599
23517 710
12763 40363
21060 15856
3465 37507
27615 14282
47091 29234
31984 45560
4249 45193
14215 20291
7847 27215
26824 5923
8581 41774
21452 48583
3438 37708
30384 16154
25865 15439
36132 22041
21854 44382
18199 44198
34230 21616
32120 28330
13134 7699
26856 13019
34440 5854
25575 1058
34299 19872
10326 39717
50183 13218
44144 42221
14145 5672
14378 19268
27959 48958
28026 48642
22733 20183
35973 5808
45139 39648
14277 31561
14944 12786
46920 22541
7738 14582
19676 17102
24790 13095
7224 23770
28204 35336
18525 48090
16416 23977
47644 17328
7204 21873
26646 23370
1282 30386
43645 34470
26776 35646
24016 47998
21659 29413
3538 36811
39223 26714
5316 40627
24221 22079
5388 8112
1521 40460
22887 23831
10374 49717
38570 21206
15052 14086
22912 29614
11245 16397
21063 40835
19136 45472
26439 32069
15157 32177
11532 43884
46351 43868
47582 19355
3813 7142
21207 24776
33678 32992
43228 1111
48922 40115
9892 10173
28587 17630
24997 14058
28022 44226
17297 40440
31622 10260
13545 27211
35001 7148
37234 19650
36034 9457
46926 27495
37408 21071
26429 9725
16717 29147
50747 48808
31950 27392
32448 127
25889 29458
30690 2
19211 12858
1167 432
21893 24494
11312 23180
33322 36893
44849 48982
34111 48012
685 43884
40758 23764
21060 24879
38577 47465
17619 1155
47458 17448
31607 37445
27454 18407
4741 48656
1866 18380
19968 5597
8203 23296
17244 16206
8220 317
23962 15184
33061 45703
14929 10145
19926 29524
30994 18250
12276 11470
23443 45042
38265 18075
2154 31931
13442 36808
5092 21850
17312 6365
22577 15708
15417 11744
6801 19488
18243 36414
3003 31911
21741 9658
45589 40700
26763 17391
48646 30325
24760 18458
37301 14940
6221 9049
4906 25349
13574 46418
33782 31556
33746 18996
18644 30227
42079 2732
6992 22700
1745 26440
18075 30391
14476 16101
29193 531
23471 11851
885 30352
46950 33532
40024 35295
28963 10068
15741 32903
49189 31785
40195 1666
12601 45190
29367 4767
7168 9088
38700 13265
16559 31223
43972 12376
20090 50500
49100 36141
9932 36235
5678 24760
29962 10519
29324 4040
45733 44886
3597 10542
12561 14402
35547 898
12758 50089
16312 16787
48618 1868
39199 30174
436 25399
30954 16608
27132 13693
38606 44791
29129 43846
9092 21612
33335 36660
4791 44396
41915 49914
16512 17949
399 40079
34666 39242
2866 5147
43972 20991
48111 4001
7780 17247
8491 35731
46321 43141
27230 24270
30840 28230
2864 5807
17835 42868
16481 21892
5927 1984
22336 21264
5697 24509
45058 33718
24654 19313
38520 5002
17395 25828
20420 25469
9501 49218
35442 4563
45517 12053
45888 30840
6371 27105
22637 39529
42005 34385
16468 8513
44608 10279
41710 39988
24326 5584
15161 21927
21008 49284
33336 32764
4463 1747
16375 34989
26080 42981
46197 16590
7710 35
43225 47294
48473 34085
4220 3331
47502 6630
4222 6442
26118 28212
19322 11453
47534 24621
20054 12051
6538 47958
36737 44236
17162 29163
13131 7691
21736 34208
46817 38956
45834 9933
4136 15120
7315 9446
33957 46337
7971 27551
32245 37112
8157 29747
48803 37496
14555 11490
5358 9693
42805 24836
50378 35548
4739 41768
20688 29119
31144 37700
8099 9284
19742 10696
291 29828
31552 15961
39976 23552
40578 41085
8632 49992
17143 43955
21915 4134
37182 25798
48288 48709
15910 5145
39718 7306
20316 31661
46014 39763
45622 12831
32803 16662
5444 21312
46950 10159
29883 27428
18678 9068
18732 36626
610 3906
39614 45756
26826 4566
29191 26785
47666 48765
49322 6886
34915 28166
50447 46056
5881 49045
34552 18858
13315 50322
27330 4654
33774 29815
49432 22952
31824 11050
24116 11242
30562 30997
43065 19402
42745 4
15412 24631
25292 43488
43337 23924
6026 3504
214 39966
16676 47520
20650 39929
33653 43778
18897 38205
45480 24560
11868 17347
23521 24720
49491 41123
50145 14614
40515 5979
8222 41252
35378 3348
1179 34079
39302 11720
19729 21649
7769 41180
29762 23513
23579 18855
21571 16262
28278 24337
2065 23643
45736 23234
30659 30281
14527 40461
6687 15943
20737 3202
41795 46063
33583 46868
23332 41842
17327 45015
30879 42709
9194 26899
4533 47892
38700 43015
39736 29893
7232 12070
4757 25966
13348 38726
37083 39458
46239 253
12851 46254
40033 42636
24249 23366
6770 4636
9449 43260
47861 5094
48047 36791
12866 8038
18637 32272
4992 35896
45565 49667
27561 16837
5908 6441
14797 17311
33697 45882
35629 27150
20281 22819
32628 4927
15125 49230
29323 11158
17144 42177
43358 46843
190 6923
2788 41045
20547 2218
26577 36731
23856 42912
49987 24026
48614 43967
44071 32041
11261 8602
12140 27433
38813 16059
37410 1977
49666 28984
1550 11625
22960 43955
15650 33755
45381 38004
8466 32041
35133 23260
15035 9520
38161 49941
50277 15419
18719 13245
30699 46698
15691 8799
39427 18504
44982 50737
22241 18793
4857 42024
17584 44833
17697 48376
31645 21358
3864 41135
14658 12848
35159 47807
43264 26007
35027 21345
10430 45113
17138 31288
10387 6452
6758 20109
38905 30532
8208 1942
22717 31888
41920 14138
37905 6358
32675 9299
28751 19878
20770 3062
16566 16810
16981 18993
16289 44089
32915 33651
19904 43052
20589 36070
39866 19134
44606 31687
28465 37313
37874 40585
35689 28148
50114 11104
26296 32436
21675 30536
9105 46189
31555 37705
37399 9122
17486 42235
7028 11572
29215 3580
24670 22967
21720 49597
4987 26650
10193 31991
27629 25393
13097 49174
26188 26523
1334 30817
49371 13342
23576 11841
28697 22604
30489 6129
3660 12269
12436 7426
16403 11725
14410 49249
21118 28690
11801 11189
28409 8159
17020 42754
14619 45644
15667 2082
4985 42501
26173 17021
16005 33752
28666 30621
18497 2619
12764 13676
25425 19320
31519 9399
2637 4347
39738 20868
9799 8927
38581 21267
14423 43691
25892 19578
46006 49623
45247 17976
42033 28195
16568 21715
38994 3554
30225 7345
28959 22441
40727 29178
45189 14890
19469 3599
31138 20225
50437 36831
13218 24579
24238 25925
33816 3933
6125 31740
28513 26202
7506 31309
18259 35016
2088 16007
11001 25456
36230 4180
12796 19052
43810 31302
26768 28923
43050 16219
4666 50289
29510 46446
22551 3568
21357 34491
1712 47438
43309 11463
13922 46208
34071 46582
45606 43865
6328 14313
5309 31013
35820 20616
20291 14106
50223 44184
34993 44155
7781 48223
34580 14628
39422 4735
27155 29253
43322 25443
30794 26513
33172 4948
12508 25394
33230 33344
16128 11155
13010 9673
32268 14283
44861 24915
15449 2999
35128 21001
24769 20796
7100 21565
27934 15273
33630 47369
46306 8728
3210 10176
37149 27057
35230 47583
16014 33297
35825 14098
1769 40461
882 37387
21765 10956
44471 14588
20787 15464
47825 22831
8846 9408
6903 33539
44748 37801
17104 18001
33566 12565
33757 2789
39051 16882
36061 13926
8271 21746
46045 20683
11266 21052
9784 12721
46259 50644
19634 104
47364 1572
46073 40408
15228 50398
16454 33519
6611 29912
7136 5177
50365 41194
38253 10683
10987 26428
28663 29266
13030 47067
13844 10757
43440 22815
9669 30109
36524 1165
1535 29509
34830 43469
17327 16587
47795 17042
35020 7857
17443 1815
15259 49546
9845 19502
7253 14260
18794 31840
47055 35448
41483 34058
39252 48903
13008 49199
210 2919
4447 14574
7753 19430
44581 8556
46026 2439
20717 15412
21771 36896
48242 46629
28320 26624
13754 30038
20960 15334
16145 2226
43710 49083
17619 9793
37555 5996
16890 24768
10462 40367
48346 47037
36569 47217
10008 34278
8892 40911
34433 28862
22765 21858
22703 613
25621 30911
27507 38744
21116 44426
33160 21855
10321 17550
30666 25558
9236 50465
19035 14417
26743 35409
48870 8319
15799 36001
2955 14083
35930 3129
29143 12945
47227 36651
19936 6871
10789 34456
19993 20118
46606 34978
21060 15739
8297 39376
18262 30388
9869 16080
25723 11964
38976 28755
12371 47256
32695 36750
41481 18435
34998 33543
37659 25652
23731 4513
38099 40345
15561 32600
731 37177
48962 34252
29085 46315
5072 609
6429 32630
30819 32169
16578 33334
30332 46205
47941 4571
13909 23818
20350 5395
23268 44489
30395 732
13073 15457
17406 36846
18218 49057
18885 28215
35796 32154
26169 33778
27289 24155
37910 12248
39483 23814
45970 10513
31749 27535
44713 42329
30452 31428
31551 22450
49230 38842
47169 25592
6293 26407
14023 50708
24449 2002
26801 31298
38500 26733
44133 35150
17993 15405
19250 8615
14257 37094
17871 39540
17723 6002
30435 11234
25806 20858
1284 19460
44271 46896
26186 43149
21460 11553
22629 49334
23355 10073
8087 9361
49856 19035
15230 5260
14913 29851
13310 37330
16387 38454
12810 23679
23661 46160
47485 47115
33536 16638
12180 10160
20581 36652
46634 13115
43214 32448
9433 13972
43624 18715
43270 42042
23389 37639
4084 22696
17503 49832
47253 10214
40577 48124
25142 3236
10657 33178
35782 4107
35647 11066
7895 29591
45518 2034
15050 9416
42495 9367
34709 2574
26326 24975
28217 37031
41118 25918
48525 30672
2114 34531
24662 3711
662 44389
502 28850
45281 33334
27233 39931
42026 33996
48020 4955
24085 344
20849 13351
45174 11712
10105 43258
17185 7335
44370 17937
22313 47460
14005 30472
26647 35276
16699 47345
9740 44349
23381 9786
26155 45601
8053 44472
49004 48488
29367 11116
26120 23384
46830 19099
25726 27733
17913 31900
