46957 6353
36294 45737
8640 23234
37863 35412
44283 28744
44196 31638
15633 17534
37517 46309
18669 10486
3823 4290
21298 13815
41304 45347
41406 15243
10665 12538
33245 29066
12887 20757
4986 40204
43360 17444
621 41453
15191 14303
28343 31360
25107 27718
26430 1144
21460 34868
41900 38463
13620 22728
8850 43009
177 28069
20570 34495
39615 25269
28938 46501
8630 22209
9416 14119
1266 35776
825 44431
21189 42417
18005 26568
21497 26169
6279 34208
1300 4775
36572 39009
25938 32125
39510 27562
40977 41512
21125 46209
34367 15440
5155 45607
28606 24575
6671 42317
20249 38499
35073 5835
32209 44318
34610 41531
19594 23575
26699 22468
30221 21078
38771 1884
19837 32634
16593 46670
44754 16123
35751 3673
41731 16117
26784 11197
3148 45887
21298 40294
18523 39400
25092 27840
43401 37897
13555 8085
14731 32830
3974 16599
858 46274
339 44542
39693 4222
42464 15213
44190 30125
28302 41219
6504 35788
45393 3649
43683 12683
10109 30258
39539 10997
46695 27637
21735 9155
18406 12086
25400 140
39107 17558
14015 13385
14802 16815
16219 19471
34291 44707
46113 37882
40778 22534
20309 20626
6755 36356
39782 21653
3819 14625
16415 15679
33356 43642
2586 5427
38429 3391
21546 33612
7543 13680
19754 38185
43297 34245
36710 9872
8560 8886
37293 36454
37630 45099
1452 39620
45111 27025
36866 23946
8997 22020
19628 28864
20981 22531
23480 16475
30696 31991
12827 14376
742 5133
25033 20397
3574 31351
42964 29435
1764 46369
22350 13183
39374 15728
29184 8065
20148 34166
22191 41135
36495 30550
9604 2562
20822 7933
41099 45359
18651 43499
14864 37317
24627 38222
2918 40389
41380 701
46305 44376
35850 14368
29044 17814
21740 1232
4474 35408
38725 22511
34668 1765
37338 25835
35548 36129
6721 45466
16150 27335
34424 2764
38473 19740
32926 46695
20730 9898
46109 24302
23517 25106
6662 45220
8766 31887
9679 36469
5919 2222
32993 5934
41531 26569
3818 8484
7955 43423
16417 19413
14800 20024
24751 39321
4095 5264
45275 43483
13926 11730
34380 35642
35281 29412
7685 42952
46025 40634
5208 18177
38149 23192
42278 13769
33388 3518
8361 39294
22870 39797
7812 36881
38113 17588
33844 4294
24990 12083
39095 33577
25469 19354
28006 21272
25212 4150
32346 33835
20956 28630
14088 35445
19593 16148
25542 11491
19655 27438
26344 45289
12546 28665
30355 40115
33207 15497
23627 15295
26190 12152
41605 35383
45764 34795
25386 31843
5770 38642
11892 1706
2483 27993
14355 29527
45051 987
21426 15566
20499 20038
13539 40017
45086 38190
30977 42427
39492 40572
37423 17370
22684 28881
32672 40749
43862 26445
33809 25903
39173 32025
39795 2724
25185 10232
44710 17954
34395 43053
12587 41414
41854 19693
1427 1064
40502 21145
18558 29871
7322 2890
45287 25201
27083 32637
14588 43822
45478 34742
40125 25579
6399 34789
46652 34785
34936 12040
9805 40407
44999 6301
43891 1897
34309 37015
7131 10564
4025 45908
37788 13052
29209 18473
11723 10637
38263 4612
27278 5298
32206 5357
40439 942
2920 18930
16256 37015
1633 18403
44549 36763
29532 35764
45468 3830
45494 37515
41987 5793
19494 13603
11717 3355
45782 30308
141 32720
33841 37292
8240 22368
17726 29085
14937 16354
36099 15359
24986 16300
25294 173
336 28739
29980 42867
41888 27549
32734 17471
42821 42683
40774 34517
30942 25818
11513 39046
31451 37294
39466 5244
44247 45673
19263 46266
27293 3784
43217 17252
35580 33797
9584 11292
37979 41600
11741 23844
39096 27883
3437 45257
27249 10131
42765 2405
28249 43511
26081 9212
24121 10662
45778 31797
4525 37907
38456 4262
42542 27914
38635 2079
33886 18902
26996 1968
40057 41596
44510 9401
38764 30399
2873 21873
17360 45942
17068 29583
34993 20254
29718 1387
26290 5156
35851 35454
24779 30516
31998 36251
6366 15023
39409 11508
7723 37892
43592 38223
42096 35796
23316 43187
16957 11900
22974 778
6989 46278
40688 40832
16579 39703
31349 17573
35094 33474
15846 45104
22852 23445
21493 44444
42911 31322
16277 21904
19118 24947
4356 7116
37278 38216
39094 32124
44631 29373
52 6923
10014 9792
29152 46120
13640 32277
33569 4047
13809 28856
45995 25520
31117 46415
13681 37217
44451 12719
41062 40507
22363 21474
45537 12503
32470 27481
26710 19346
15496 36777
19505 24782
17849 24656
5602 6442
1188 18525
18697 22469
9874 33352
11589 11151
28385 26375
45522 4599
45064 44671
30128 18705
2240 39147
17572 2611
3783 44749
22378 21322
44072 16410
21438 29665
18448 39601
6100 7120
438 19725
43832 46806
35618 22097
33664 3160
6720 25040
40812 30267
42280 9726
22781 38911
44005 5620
35913 41371
11781 16518
20480 41966
35460 45648
37435 41298
46498 14195
21073 20478
12588 42953
45602 19082
40395 40429
19784 19253
30002 604
3687 26698
38036 12414
18863 8177
101 31099
44646 20704
20878 34406
7029 46595
7717 19537
7303 41311
32250 37477
22124 46094
30605 15768
8285 25314
2598 3120
15533 34605
11280 35041
30606 19009
15393 14138
32803 15811
953 12553
21325 45601
15206 10530
3379 7116
17683 7849
17295 30865
21343 6339
35548 29192
33588 32742
44465 28330
40011 45509
37964 326
45810 24864
30381 32810
3487 44930
27949 41090
30433 28044
30726 24852
9955 44522
35462 24635
45013 20221
6124 38211
12196 7942
19159 7649
33904 18764
46854 9293
34345 40055
5762 13230
12309 28548
28284 9823
28294 45872
38932 36030
2528 44845
26035 29055
45657 27060
22457 18924
12504 10358
45049 11764
43203 18573
23165 36161
11114 13823
11123 21702
38545 36438
39139 5394
3868 13308
43484 18148
14563 28787
20031 12648
16402 11482
45226 41289
29677 46510
38809 10130
1144 1534
12308 43284
36274 27898
43712 12431
20547 29920
9737 34940
30392 26197
5785 4343
46870 12046
34459 39447
15908 18772
39343 29256
41586 6519
29869 28543
22461 41845
37645 37084
39708 46026
30617 21961
3659 25234
19217 32938
5697 10810
4391 9958
20566 34381
34094 10421
45003 25379
2664 3357
8239 20889
32091 40875
14478 11999
31070 2556
33481 20435
9498 17182
39740 22910
36372 45115
43833 37509
27688 8611
26134 14637
44275 43346
21177 32809
29311 4238
15037 41264
3794 26410
6510 41247
113 6093
33252 4540
10222 6425
40135 23229
4436 22803
33426 26215
22019 45346
41632 31940
1452 21176
17420 19452
16629 38858
7300 20098
12003 11833
9078 31836
40146 24469
22017 33404
42923 41920
11259 43552
25897 45878
16945 37082
421 34328
12809 38109
20698 35670
33858 35032
7173 22089
2168 22196
40607 13020
32421 31575
42770 20860
2899 4810
20593 29205
19444 28427
6626 29670
35123 16280
7328 33633
4908 27971
21204 25746
40017 20757
38022 39747
37999 24045
28940 34521
8118 35638
27396 28960
7553 32982
40595 17185
46617 35443
15823 13352
5759 3817
38022 9339
10249 9205
40561 23819
22046 12497
20905 26109
36407 18315
27341 26337
45384 30318
39124 7139
5556 22589
34753 42341
44491 33572
38481 33246
33577 9411
38392 30217
35894 13190
22466 4681
18740 193
9684 38850
11998 6942
30029 33044
27857 8278
46639 2184
267 28586
46366 43705
3407 31531
24202 27837
16984 29790
12872 28623
41910 2844
29066 23537
22049 4880
44334 4612
11089 37625
31054 14287
16545 30972
9870 42252
31362 15912
2202 34425
11595 32047
7834 13485
29916 16708
42731 36697
25705 17598
7761 601
9979 16045
18354 12125
12455 41411
39692 29666
26174 12323
45633 29976
9965 29528
12009 19661
3301 4328
13210 44080
1280 41215
45144 22247
22838 13599
33257 40083
18931 2736
16164 4506
37801 33860
21167 24863
22820 38011
3799 31052
38836 19806
10685 14073
40145 13866
20164 33964
10326 45056
46118 26691
34731 8528
16904 5371
30163 13568
40354 22532
8671 26283
26404 28457
10975 14066
40299 17298
7435 5335
13782 37662
2365 10919
17907 5442
28406 24507
16430 4484
23309 2675
10647 29402
26588 29123
44830 24788
8646 39554
21434 41260
21569 6982
11651 32690
31785 6439
5323 9436
40779 13270
40188 5449
24085 7835
46255 10206
27444 38157
15624 22493
20789 43630
19345 37102
14684 45949
16949 21744
4132 188
45729 46814
10504 45549
13077 9989
1087 12221
23694 2141
10946 34924
32414 17821
26463 35186
27139 8728
19254 30464
46501 23127
3811 11416
8324 40060
23761 23964
14076 2771
29651 38459
32868 42999
35699 26898
37946 12003
40081 46738
7755 18510
17493 41111
4528 8276
35199 42178
46945 14304
34284 27641
29315 8080
6894 39060
27791 41369
43419 32361
30025 32848
10506 44312
2914 19898
39530 44392
25536 24196
31591 1656
45990 38337
44870 11708
38646 25058
27750 33529
30983 16022
9488 42347
13496 21340
43761 1811
24454 33216
32691 41516
12446 20944
33800 21378
36328 18129
38374 25050
18669 21171
8509 33624
5344 30259
9360 14143
35812 24471
31322 1283
26022 41878
17882 40745
37261 10160
4939 38280
31139 46707
15765 6299
35685 5293
5524 31354
28882 36137
17747 9871
33951 30752
18087 28843
18794 19459
28198 30070
31926 30735
13838 32880
7249 25513
21717 13015
40198 36889
8872 4172
19387 821
18923 30372
44160 630
45440 14602
11678 31947
13297 12117
10144 24355
17272 8214
16400 17737
29987 7194
2627 32787
17041 25458
38236 9014
10973 27020
44014 14200
22261 17273
36577 32674
1625 1435
43970 21964
19688 33875
8236 9323
7473 45553
38054 6463
44804 29615
14500 7445
14981 8772
3913 28763
17269 36346
21130 12871
44391 37841
28580 14815
34073 13729
8721 34108
34633 32870
40832 44401
28940 17340
15001 32481
26413 53
32149 27660
32222 4296
27609 17606
23037 29643
19492 42330
27439 24996
14728 12276
42891 42074
10554 19388
3783 44971
26434 5231
18962 42921
33007 19176
21921 29440
17820 1120
24824 584
17857 4276
535 34659
24306 6705
45380 22842
31134 25629
29645 19357
17709 39466
10999 19675
7241 29199
28608 37831
35780 6192
7103 31691
39863 32014
13250 45547
7715 12120
40039 11880
22210 14928
4557 21780
39805 39426
30725 41491
26041 4654
6420 23590
31214 30961
40139 23708
11571 8161
5129 5109
24491 40665
228 35091
28682 41326
3995 33401
21948 13070
34366 8436
24445 18700
37344 33484
22641 20178
29092 8695
19756 3249
7244 40330
43581 12499
31678 1650
22883 6452
28143 26309
42162 7487
17144 16260
27324 32023
43334 26186
35285 35302
13714 13457
1571 26814
8735 9843
10446 34458
18715 14853
34506 38094
35322 28728
6526 18704
16309 10974
4624 16694
29421 22531
10483 30643
31121 16481
36395 39019
17324 39351
40535 41656
13077 40352
3826 45394
38042 7185
19671 20002
40626 23642
45817 30955
39099 2387
34909 16667
20665 7799
37236 6865
45078 39962
34522 19401
20146 12971
39960 21207
45852 21377
21717 18522
43363 5709
696 538
22906 21036
15999 3357
11307 44166
40739 28054
45394 16148
40599 45524
14452 5268
45120 11620
20512 6361
8009 42004
475 12730
6838 45900
9596 5551
21607 10297
4041 25949
40901 12350
24703 23349
15327 32796
5943 24937
42340 2075
31335 3337
35910 31549
6891 17814
18100 29457
17091 5353
37874 35705
3929 1689
1673 34197
45105 40484
21402 19389
41598 12414
43109 30594
898 18115
29735 580
42722 37722
33214 6777
37680 31479
37337 15269
33465 5814
11229 20991
33083 9990
44238 5804
42776 2853
13103 23162
3256 1070
35430 44147
7386 32243
42042 43431
21075 18024
20383 12964
7353 8790
22131 7854
14831 38516
26864 14091
29628 26344
33860 6572
17215 27569
26302 33849
44144 31143
38886 21150
46199 36739
31730 33825
1065 38279
45175 16267
45428 7938
38894 24324
1408 44025
23154 663
28471 2807
38482 15801
43152 31431
7345 23557
2908 1108
20070 46491
21703 32244
9442 12153
35891 1781
8628 34569
22280 25027
28083 44543
33106 42451
3339 32608
24364 12282
7701 34205
37264 21987
15029 12613
3900 4290
45261 37680
32234 19109
4356 29529
1458 15546
30846 29263
36229 12422
34960 1805
4479 31433
9673 37495
15679 40271
28142 3759
23044 6158
12492 40191
857 46034
1025 10541
5925 26003
41198 28872
36310 10433
22084 33748
12286 14871
42417 39822
17467 27311
18830 44499
46660 25889
14239 14766
41481 3671
46862 6705
21543 8132
7066 28413
41298 44995
9027 25502
2880 34958
33634 2777
5607 26636
30653 33359
26343 16093
40629 29192
26787 2430
20444 31730
11935 36863
30885 402
13993 33826
16911 29973
30678 41986
742 44239
21514 45016
37395 5622
581 11828
13550 18700
37447 10098
42269 4412
5994 14587
3739 4830
24889 39791
16347 40130
41987 39361
35185 6758
25784 9186
31594 3943
43984 39809
36533 11533
8385 13405
35441 20881
17144 21268
42420 4471
25517 31651
3296 31634
24704 29004
28447 12958
16339 35764
31780 12456
34958 42992
25995 13645
19107 14760
28668 3859
31561 34421
42732 33557
33700 40168
21986 36371
27350 21544
27584 10560
2881 30923
16870 22963
16839 25790
15830 17396
2041 38011
9490 13352
36256 44531
16977 26060
11210 32011
21588 42082
4622 11031
16052 34856
13529 29931
30234 17719
13204 41473
34310 31259
24791 35443
9673 36965
30614 45773
24146 2301
19645 43074
14510 224
44669 1002
23214 16427
30179 19532
17012 18034
45398 1775
29152 18424
17681 13623
36309 29927
16246 36179
46175 44933
19427 5889
38028 10509
31118 13201
13460 42042
37475 27705
31206 41359
4581 43015
15815 10162
16778 40764
26992 38250
10283 19437
25769 21360
30441 23937
2067 41670
35922 32396
18379 39478
32438 34199
26351 18248
22597 38983
38704 29232
4023 42989
15726 4429
12336 5
28849 44611
36539 35540
35815 6110
43984 10394
6745 23722
12692 27070
18588 17250
6603 33312
17249 42149
42186 43266
3538 9779
8248 10269
3462 19656
21201 29178
31746 26100
33738 16675
24889 32216
26874 9757
42510 2103
44103 27933
31630 6221
39113 33270
30954 45529
1565 37818
2558 36323
34838 2488
25287 24128
44644 2857
44123 37084
16190 18726
15691 22979
18546 36387
16734 20362
42608 46843
39439 8339
11330 19524
23902 2757
14161 31916
17291 17223
13129 38746
16320 25910
41783 10314
2736 19510
5 9882
43348 2817
23760 17843
9109 20805
7994 468
22136 17318
27892 30858
38283 28991
36506 13793
46434 30175
14057 2057
12590 28006
24279 16514
37603 19524
23177 26483
28332 37010
12140 29103
42084 27070
37221 35710
14259 45408
28587 13263
27651 25607
24095 23627
22083 36721
30724 11503
29817 29409
42380 40954
15415 1612
1580 15655
25350 1210
23111 38950
30938 23116
8213 39927
6387 10605
23983 11964
9039 23503
20177 46315
29273 35119
16701 41223
35883 14533
22994 36021
36361 7791
33138 12794
8007 29223
41001 32127
7908 9586
2790 39204
40277 36968
36718 19808
11357 14358
652 41381
41172 15859
11736 2390
24817 23602
46104 21980
1400 46350
5278 39354
21772 36828
11724 26006
42311 34555
5715 44414
2067 17886
34689 3423
30282 37928
23434 44128
37679 18288
24100 17965
14387 26413
41122 20980
25659 35262
20399 18841
11854 30534
46341 29035
39861 40752
46484 9384
34047 31170
4642 19383
36672 37848
35084 38315
19384 567
19311 2567
33233 46944
38876 9953
36059 16189
13125 16097
10022 13963
22885 34356
31847 8914
24141 28819
26184 42684
26672 12205
26397 39158
30869 44666
37321 36256
7482 21667
44781 44576
26942 45005
44926 6202
114 8066
10890 43712
11134 30640
11004 15962
12057 36712
4283 10765
24395 11324
9979 25573
27704 36119
15594 2933
34437 3024
1586 18828
4650 36239
35921 17062
16865 7258
11890 11186
24221 29327
24019 31358
5436 25384
11008 11432
22116 12935
4312 34070
27709 32183
3582 28843
25441 41437
43585 22806
42726 25051
20657 28438
33136 15406
46533 25393
116 15098
30432 1016
7236 15519
21903 3265
19068 2359
20168 10686
3273 3052
41894 26328
41914 44260
28105 5624
21090 19612
36188 2416
15611 22141
27099 13389
27070 12443
17106 45638
34362 40703
24783 9236
36489 18264
39176 29359
31347 24790
29840 28713
38092 2438
11030 14342
9992 32974
22252 13025
10840 8837
18505 43433
18609 18546
2299 14571
42597 21634
32252 39632
29631 20125
32252 23269
14096 29090
46520 5229
46263 26365
14930 38976
44361 42275
20836 43667
161 8838
30050 37288
30455 427
3591 36778
32843 41124
29109 15965
2945 13651
9531 42662
21306 29731
25206 45416
34710 20736
30931 20870
30704 17954
21520 12162
19269 18654
29511 7108
40159 16515
29172 5448
21403 26383
43872 23273
24612 36090
31664 16131
9003 22123
41922 44961
9207 24031
28530 26586
3533 22875
46412 40953
40525 40560
12221 29163
4329 3317
30613 7968
1338 26215
32522 35335
21313 41896
223 40647
35345 17867
26350 6110
41982 32354
43683 10941
30992 1708
42376 20661
13483 33889
35888 19129
45444 22168
20600 38168
26916 11647
29204 26851
18378 8964
7731 11253
15670 46248
20789 2324
46050 7878
19818 32977
14303 13190
18481 27619
41980 53
43971 18682
17013 11918
25510 1259
5633 4918
3872 29240
29951 3600
10648 17749
42012 8765
46019 31183
24627 27572
37940 40870
6935 10380
15057 39984
30061 41010
24580 16190
29757 13887
34300 36760
20502 37319
41441 128
15427 1607
34754 15799
39201 4086
43233 17749
11944 213
14608 22449
38485 41033
20977 46655
20553 37321
9358 7435
27172 41064
35199 6257
41857 35434
1965 337
41687 4125
8837 2196
5438 22157
37227 27029
18816 14310
39268 33263
15919 4567
19229 44199
10316 40455
34107 38157
23391 6941
33276 17600
1544 260
15925 9615
38842 46692
46573 41918
3312 17165
1990 46895
33258 27917
20158 32306
3053 29144
43620 14993
5012 2696
21219 31958
27865 44818
41143 37285
4246 13067
1698 17612
29898 5481
40532 14121
29853 6221
1039 32316
26960 12219
17257 42590
11031 42052
24402 37658
21940 24262
10746 30106
44288 18572
45130 1450
7652 42416
27585 39827
19476 45397
46521 12449
28731 15786
12420 23338
10480 25095
9170 3830
24950 34047
40031 40313
27104 18761
40940 37104
35943 30364
24569 7031
17804 26776
30327 3359
13400 23484
14558 33284
43098 34990
28403 16162
24681 26159
31533 29224
13384 2890
46251 20213
7853 5348
41903 1008
33335 16279
31915 15912
29242 6253
2845 10950
46928 17667
35953 29063
9382 26144
35141 29882
5662 15603
31744 23298
2804 21605
5315 6064
3001 11334
39238 17955
40779 31368
33818 44820
38423 38866
30901 28851
1884 41815
30940 41085
18662 16104
7970 24096
22814 28304
5472 11015
32889 24980
30703 19178
35549 10515
1455 30678
28131 7978
14562 3263
13902 8749
38125 16318
35850 8603
13987 5547
40995 7496
22892 36569
33249 24395
37323 879
14141 18787
25648 21952
6213 10488
42678 15465
36612 38835
21368 17896
14491 43874
22623 11368
42586 27793
43654 1534
36790 817
38958 43579
6794 2648
28749 7808
20053 41346
40329 2116
15490 24076
19195 8020
20586 20512
36468 38004
29830 18247
20982 31251
11904 36869
19165 36709
29868 45628
14551 6061
24150 5318
39445 26721
34003 8229
44934 37731
44653 39899
4639 18520
45090 31044
7882 26774
19560 28789
19876 16625
42281 18083
19668 16358
2612 29922
12303 25473
28880 32484
40038 6860
45465 30294
25700 14777
38456 30654
10505 15982
24346 3659
45673 218
14232 44620
36800 35305
8144 10627
18234 18290
20634 27592
26872 10224
30109 42759
15169 11633
8766 30860
13802 7785
1811 2728
9393 33772
31834 26462
1009 33708
24629 22569
38424 43943
20758 23902
45728 34001
2199 10304
36208 261
17469 1664
37305 34769
4173 7109
37881 20400
14418 28727
7292 42305
18915 35062
21456 21299
27836 2469
20227 20855
5255 12224
12614 17368
46574 46933
42296 38818
17341 29490
33615 14592
13365 12334
9047 17285
27886 22753
34238 5180
36723 4008
40766 17001
2966 5520
29489 42534
45140 30628
34916 28454
11166 29497
10973 27039
10698 43864
29865 21742
27257 25460
19397 26356
19680 35147
41996 8924
16401 24447
7659 29512
24499 44648
14062 45875
14274 6623
13630 4210
28156 9564
22714 2916
33888 6054
32847 10487
37534 19600
36236 11605
18563 11877
13014 3441
38357 45959
36661 46722
18651 9409
3906 32030
20867 34242
43940 33627
24064 9241
19663 19202
8456 34148
21143 21627
13250 709
13428 6605
25858 17108
38398 5979
23316 32866
19689 37073
17763 33295
27827 10910
45701 25085
10584 31229
23181 3221
43807 14848
43691 251
41904 38916
1199 4370
13488 30780
42947 40847
20702 6661
6958 6213
9505 19551
40424 44231
33596 7874
18677 679
19808 33877
22248 11981
37444 13563
13077 27760
26249 3716
44842 2983
6915 19439
9115 19234
25105 13492
39025 1219
21032 23887
1345 42423
6072 21399
35603 5747
4965 16055
23221 40228
36393 28125
36682 29487
20831 34548
18721 33517
9323 12148
1792 31500
39233 35462
43826 9816
42496 25221
25387 666
36921 20756
29691 16406
9769 30925
11645 23011
1235 36005
45725 23688
14691 22557
18239 46220
29397 25785
16210 8679
19736 18382
5245 38076
39244 29470
31974 14292
531 23336
2077 18724
7323 26091
6453 9194
38691 24456
915 45194
9248 1830
12869 42802
24480 7223
12028 28063
36255 28230
32728 18889
6922 45624
22153 5162
7250 17240
33011 22049
29654 9307
5872 4059
31817 41750
40989 12871
36178 19022
39029 35124
8985 26839
26577 13218
15394 36615
40137 10088
1060 7834
32493 17947
7223 9778
31699 38480
30980 10042
36175 19377
5787 27410
24604 1145
12574 32231
19810 26110
20484 29608
12702 669
44429 43655
23226 41402
44530 32136
46601 28397
29703 25794
7837 17326
25038 7751
18257 365
21571 4311
16251 46789
32668 40446
6163 17872
22662 30328
41220 14291
29339 27872
4471 4871
35564 29972
7754 43850
37407 37937
19838 18935
38846 41100
24323 46890
43642 25926
20417 6501
16717 42221
10898 32392
37956 1295
7579 12193
42701 10239
21871 38518
13203 30741
1781 13728
36331 30850
40070 24075
15045 35206
16463 38852
1738 19425
23804 15298
23134 12129
24956 10020
23191 27654
3806 38555
10569 44385
23750 9997
28989 20281
10815 18586
13779 966
25010 27185
13641 39505
6063 11218
1993 2136
16782 3677
3393 7122
11759 40153
23608 37910
29759 23466
38031 36440
5430 5163
42023 7287
10227 42529
34102 15779
20652 11372
2747 27414
46246 3516
34499 30972
45864 3873
17640 44558
2608 24609
39510 46
11106 40120
41583 19422
6920 19453
4054 4604
9145 34689
35594 36798
43487 29775
24964 29719
45552 4739
7091 10440
3523 16075
15392 43783
5946 40392
21340 36224
31363 40701
20364 18641
41888 44824
22280 24318
6858 3251
40675 32317
787 37456
37721 27584
37406 42869
42627 9705
13120 37878
15199 5543
45719 36930
7342 33667
28350 10998
34609 31509
14208 18278
14512 24442
3415 11639
10375 33824
477 28359
15875 46917
25652 43408
30568 35377
2469 11260
5005 31228
4729 39929
370 43463
21351 144
2127 26406
15217 39949
3287 1384
36417 25017
27068 13228
19437 43245
7485 15337
6584 13661
37295 16234
17793 35007
16205 20186
30332 23902
30469 26136
14981 43918
153 39438
26821 27841
8914 11276
27598 7364
4162 46244
44310 39653
31742 43496
3031 28257
14147 45031
42486 41043
291 20316
33459 40973
17808 26934
9596 24895
7706 3868
26452 40883
8153 45021
35891 44659
1165 39309
21993 11888
46516 22517
40161 41847
2387 2227
46839 33895
34054 35567
14170 12677
4845 38548
2750 6835
20707 41659
46421 18809
42044 39550
35009 34167
34811 4609
32769 6477
1233 5155
21252 31418
15008 23662
45005 10315
1916 2436
26724 36842
4634 35550
29160 32893
30363 9965
26200 30256
46107 41318
30112 2105
17967 24702
4563 23300
17242 26729
25343 28275
44488 38346
24575 14604
1776 18510
11687 7004
46625 27998
35107 26299
23377 43960
30389 16490
11278 2856
25456 36982
32053 3551
39038 4958
44767 5603
16858 7599
2647 16776
2403 17803
35280 4345
42865 17204
37096 10797
15789 13982
45500 43420
25740 20209
15955 28399
28227 24105
4833 43446
2857 11110
34436 40374
25936 35133
24696 24366
45476 2202
36291 4606
45670 36843
15019 5609
9522 38339
34200 24312
26595 31512
10642 20662
42680 2213
14026 23549
41584 40874
40664 40154
34477 20840
1199 8423
18361 20469
37500 42524
14122 44875
20161 1129
39455 7988
14854 11362
41078 18042
44261 43157
10974 4071
16339 24823
1812 18584
41821 2216
36356 38727
41678 44593
25313 41057
39442 5892
34996 32627
23557 953
40595 28678
1763 10942
3223 39458
37986 26515
42424 24737
40898 23166
30645 39773
37213 1339
46144 17385
18089 42442
30879 33827
32505 15419
41246 21783
14255 26242
26906 250
37656 31478
17101 40714
26458 39097
34811 45813
18558 21381
34549 5443
33480 26755
20259 14802
24134 32826
8118 7004
44453 38236
4622 17357
33613 40461
16428 10372
1329 40462
46530 4889
37059 40318
42594 1236
14557 23666
16490 32840
39047 36230
41266 31490
2979 32838
3857 19712
4100 5186
26703 7115
37397 20070
5172 39807
19517 30880
3855 36181
8505 17515
3453 26872
31263 20501
14549 26063
34118 40056
29233 29904
7997 9236
23851 44173
36743 41685
37362 29674
8778 27332
11615 29924
41160 15250
43652 15749
10918 13945
25158 20518
14917 14215
13571 31681
25036 16385
674 42004
43344 3203
11680 21428
80 6674
37108 10919
10827 46432
9341 30517
23139 41529
1153 13098
15013 14913
38035 34913
28828 22842
16894 37742
24947 30970
31379 31886
46693 2979
18147 34487
19982 8661
34268 38931
729 21403
14946 15596
44221 18231
33538 30542
31483 14408
26183 42815
45634 39902
11015 25111
28118 34489
1419 35237
16172 22702
16018 39039
26862 2010
6397 31553
8623 34781
20656 32781
3316 1757
26303 35675
588 9363
43462 44982
40317 19160
17211 12484
43837 42166
12859 25474
29613 22920
45510 6942
39356 37934
8508 3468
26919 34735
6001 32266
20230 37413
19989 7332
678 26576
28818 28255
39935 26998
31978 27416
45673 37796
19081 39482
14930 7729
30677 39530
14545 23495
8148 26548
17595 12037
18255 9981
26970 25145
13708 34680
12871 37492
30958 25750
29540 29789
12947 20699
37393 35906
38335 13206
23341 4370
6724 25420
22148 21126
42553 9658
39426 19320
11950 37015
41752 19485
37973 36016
37309 26521
35894 16315
27790 46132
42694 46273
9668 10652
17146 1006
7849 45219
6436 36200
40017 8282
39630 25403
22110 46684
18107 12127
14538 2634
11092 15879
17398 44101
7359 14883
17411 44264
7112 4373
3874 16462
9199 30135
21384 270
19323 39382
37729 26154
21425 3987
14099 33539
39896 36863
24267 35208
31811 3935
23094 39304
26829 4393
12416 3367
22471 41976
24205 43075
37429 28507
39529 14186
10613 45084
10021 549
19944 12450
3362 40692
35350 11323
43237 40581
35359 15232
40734 41550
27542 6812
14266 21497
39278 45695
35969 30397
37193 40079
11135 25462
39055 42811
35242 42477
27333 6782
23191 38260
9373 18000
23873 43941
4402 9884
26096 28313
32553 1451
4236 29057
16632 20691
1318 44212
2368 4325
11997 1566
45440 4320
5289 13777
37281 45770
40440 24522
41823 39899
37778 43257
46613 22019
30709 9835
36718 39351
2416 22506
45692 42400
41352 20375
44732 27091
30277 18578
32497 46346
15198 16872
38699 4775
46534 10498
20062 5215
37451 9050
28776 5553
42373 43509
27930 34661
1099 24627
29130 13767
46635 39824
26173 20255
13994 37192
10168 19321
24291 25497
30704 39634
45299 23253
35073 13985
12807 3821
26228 33866
1076 2618
24285 32609
8893 27431
28239 22124
13101 3294
21687 19255
26717 45249
20898 955
10789 40744
16417 15471
43083 34564
37195 9097
12373 42885
42789 27459
38661 8343
43580 41969
25445 26285
23676 29875
39091 34684
42779 45572
22061 461
11294 11946
20404 38472
2258 20519
28792 27710
2425 7279
22247 27138
15928 3043
33159 11643
15053 14066
44381 18694
14693 21547
12760 12516
38769 18246
9413 42619
26989 28102
27078 45989
38047 15448
36966 40863
42621 10142
16775 12517
41566 28516
5958 4013
30139 23317
11627 3692
37127 36615
44291 7362
44307 28442
43864 25314
19523 34602
39209 22514
42140 7525
6087 10249
29893 37815
43058 31113
45828 26580
27289 29808
6906 30385
32043 17116
25448 32615
1575 23287
26078 5396
36981 29231
4892 43433
39449 21344
20706 41729
2684 26070
25094 18832
3002 23951
39149 44070
9319 14278
12730 9154
30079 40591
25825 31099
38594 4019
23718 33109
3670 25392
13901 24472
46337 31114
39106 4769
29003 8809
31631 4117
16420 23444
33912 40196
9217 14705
35181 45973
10361 14949
5732 20228
17703 40522
42425 37727
32262 16293
41693 41878
30699 37182
164 13552
36291 15601
6023 3308
30528 21443
20246 839
24039 30264
37960 11348
38529 18704
18664 6145
8360 20172
46213 34273
39497 16155
30142 6377
43710 19293
18957 9289
17918 12560
39923 349
18324 3805
36968 36994
11539 22197
15640 16251
33592 18358
10267 1998
12252 6230
9904 13182
43351 8746
41530 46173
46682 7738
30328 40903
24591 17638
40859 44506
34568 27019
23705 33563
10046 9475
6451 9102
2395 40171
42336 5836
45962 15617
33580 511
30256 17284
35751 3627
29005 15256
9322 33319
4053 8491
37139 39010
43833 8788
36032 2380
35346 44171
39376 22941
20362 9013
6917 7114
7376 42540
13957 40159
40437 35246
18037 7081
19263 45647
2865 14620
35140 1811
3623 32284
24160 30427
9312 46786
35353 4931
35700 13771
41371 21026
22562 17202
16443 45175
39572 29384
46447 21402
3690 36081
35343 28931
17304 2171
24066 19780
8559 29751
13962 22627
11568 29900
35702 22093
14074 20988
40818 18019
4971 23811
31132 4865
7884 18344
1095 30352
44546 15512
40553 31680
14500 33797
2057 27923
36922 23692
25831 3514
11944 32098
46134 35403
34441 15595
32702 27595
2079 16756
25840 25008
7826 1404
18098 24315
7071 22702
26915 25164
30099 7984
28464 43962
39497 38584
14308 31934
5908 3472
40668 24192
19911 42200
20048 12092
45497 13038
8251 16237
43428 10231
40211 14988
15292 46823
34531 5089
26708 38818
45052 19265
34782 2984
34359 18399
36509 24069
35171 42650
45272 45489
10598 12273
24692 31399
10013 15357
22349 13430
39064 6570
28193 8068
8897 24060
22000 24787
22267 29423
37007 16533
15704 1674
22882 34293
11985 16360
19526 27350
35717 7836
43293 8281
45356 23313
1175 9532
38939 42213
4319 22967
26481 45772
26832 2970
967 2379
41487 19666
30414 11627
29737 9906
9523 45111
46418 3495
32227 43405
18600 17894
26335 33992
6060 42909
35556 27336
17070 34766
40101 35771
39398 13772
18233 45736
20644 44511
34482 11224
1310 12693
35897 35203
43249 29951
27915 40492
8853 3450
3191 4660
29443 44502
25075 23120
3707 13817
2098 45855
45652 43947
31986 19297
13714 36245
26115 46556
35144 5488
5433 2133
17639 20239
34439 45901
14404 3563
11689 30794
9690 32803
10841 21460
22880 2869
46187 36770
13824 15452
9472 29758
34823 10600
38375 14002
26397 18334
40155 22085
12814 13842
37594 34013
5982 9678
41667 28390
36348 45349
16734 19196
8136 36096
21029 10921
2787 37895
22980 25828
44748 36272
10889 7472
33115 19055
3618 8127
35121 17079
45966 35393
22108 46413
43969 21989
27063 3259
15683 36214
45879 19732
39672 24890
40647 29804
30051 23024
20004 15305
15906 31501
27983 34369
41151 3864
20175 31827
1534 5881
24062 30407
46233 33064
46497 5756
23123 7306
25831 44020
21268 36073
37041 9672
25596 34596
17655 40891
32714 44885
12988 43993
8343 6515
22892 14024
31839 9479
33979 21486
16755 42486
30947 36626
4359 7123
23435 46149
8220 25298
45583 16665
16700 10895
1570 35896
19162 5816
46136 2819
38820 24429
36912 9510
41164 6845
30068 16104
37670 41076
9464 40360
18596 11587
19418 13347
22637 9523
29471 1898
41477 42541
37596 13506
30667 6860
2602 44731
4254 19334
2872 42618
2887 6143
32422 43640
44104 36863
21803 15837
23897 45178
19638 25815
9665 19344
15975 21852
31803 12870
10777 7186
5531 35250
17183 2834
24169 892
32217 3394
44016 31997
26563 29888
33211 41277
11351 27863
4536 7719
46462 26482
30519 41347
10880 27448
15452 38876
37940 2342
38839 9674
18036 26062
34525 19832
20294 45355
28388 5363
13640 16805
36509 730
6739 45157
37015 11587
9246 23531
60 32159
15667 4086
12819 14223
42593 45104
9076 5659
12225 34926
18364 44643
7918 11450
11220 21559
43435 1186
38779 8665
40935 9723
44750 17153
36737 18518
37341 33406
46716 44809
22897 5215
11955 46606
4900 39390
16391 29843
17552 17038
33881 22982
14989 6980
40232 7881
5413 3401
30172 19684
4184 28933
45060 15900
6328 34202
17650 38312
43199 46024
27266 1244
8907 3606
4366 20751
39426 10892
7329 17387
4608 10506
9633 43226
5095 9212
37561 30272
3003 30722
32533 23184
26436 2259
2450 7195
46219 9790
1848 20480
30403 41514
25448 15946
13677 26051
46605 28086
9240 36833
5163 11567
28423 17317
1144 34097
2080 27388
23417 13112
25678 45936
41020 6916
35630 25101
41074 37673
27135 323
25282 27810
6977 152
24520 27748
44691 45036
6375 6122
29248 13276
18334 35432
35710 16524
15993 43151
5739 25453
39829 21042
27330 27091
33591 38530
17818 3648
3131 40288
18415 35866
20256 18295
1297 27827
41783 26581
9793 30351
40579 23829
5370 7090
21617 33220
26122 9399
44364 4695
23418 42469
37406 14921
26401 11347
44986 10010
14530 38449
28751 14018
3802 15606
26275 3392
32217 28423
23140 27454
24781 26068
37388 42164
23136 5037
23673 33638
30070 29217
12850 22411
1920 6626
24715 6971
27384 13744
4747 15271
38519 44268
25596 9095
32276 45230
5927 8843
22472 16389
38359 34728
7218 18
33930 4091
11757 15454
1318 6239
40813 40041
20941 14899
25149 3127
31645 14025
13489 20193
22446 43532
42716 22614
9496 26958
41903 21118
31867 29873
21069 1742
39948 26683
35299 31049
25638 20671
12473 33071
32142 9638
6796 36443
26641 18974
17981 11444
14389 8905
33570 28658
129 25073
30162 24663
18749 9458
13071 9081
26092 30729
29961 38481
4992 24034
13481 39215
42203 21157
5700 25717
41807 29509
43281 13363
19969 33623
46371 37435
8684 18144
2624 20681
33221 19464
46440 34325
35978 21103
32685 24296
39776 7248
42377 38024
7693 29534
46439 42200
46199 23948
34842 27267
26845 7408
46623 30253
15532 4255
44613 3430
34936 18320
27478 42450
28561 34223
21504 25411
34853 37848
25076 843
5007 3178
32510 37206
6596 40825
23448 28878
40833 1099
29775 14590
46231 41469
8154 14238
32073 12800
8713 39647
41912 2462
42581 43334
33811 22854
40254 1094
3840 18213
5593 44841
43128 38172
32932 26511
875 7647
37945 20203
5354 17801
27878 29624
25705 7757
45181 34589
11041 44739
25452 11975
24226 28310
40604 44906
35138 9951
34801 42546
20129 23720
25431 21110
37015 37135
39968 4064
20263 22665
45733 11632
46195 31946
35400 15658
2858 15101
13690 33705
7284 33092
21988 36197
34596 43511
38822 25992
27809 44253
44002 38082
35835 2493
11107 33346
37880 28583
3770 17386
40788 32288
43221 11914
30675 13329
5707 7367
16052 19084
23140 46628
40226 3768
28995 33530
14285 18808
44985 29444
23313 23660
2240 29854
24966 3414
45527 23936
39096 31678
6406 31463
45095 40286
42825 612
11675 40281
19875 34684
38503 45859
10353 10397
32429 41972
167 199
25651 34402
36207 29633
9055 33584
3829 28403
10927 10351
5730 11546
23595 29420
44908 3258
40801 38461
43228 8230
29416 20085
41766 20513
30390 7584
34838 31179
15164 38818
39063 6657
15152 2399
9369 11174
20615 16304
3389 44502
1319 14561
29766 38255
40845 30820
16888 33076
33928 39370
26423 39536
20689 24780
4962 7465
1713 7392
1557 14268
29390 41998
23092 46251
3286 29460
28126 14832
24436 46815
29496 10447
1795 16335
19005 38798
33639 12890
18975 34510
41840 15661
27926 179
31731 3584
37857 41431
33462 39545
41327 328
10323 15290
35293 39947
3980 1028
35930 16851
18041 21597
21002 43267
23914 14258
40720 23131
16118 22961
16649 33294
28623 32798
10418 21476
27814 7080
11533 38710
39322 12325
5329 16037
44478 17362
31967 3697
32161 45420
2800 33259
30715 31592
23968 5441
14862 32330
40686 18715
15395 19618
23434 40464
37395 6487
13277 12649
30931 5686
22337 25122
16601 32565
15031 37630
20201 5607
13787 7655
10445 2374
11012 15385
38395 8750
46643 26130
16877 6055
33794 12356
35332 8783
40245 4162
22748 31798
36741 34944
16910 6166
3681 38439
46160 2334
13179 13711
20636 2241
46381 19510
27574 4387
24275 31737
16750 21968
45209 28671
34332 19954
41966 4008
45653 978
43793 23354
27262 16609
35033 1618
44530 15490
22232 46105
36352 15204
24622 19853
33098 24344
25726 32914
17325 19284
43514 16667
7176 45898
2260 676
28472 13214
7931 30101
31282 31579
46563 5199
30431 23048
24956 27643
12388 11140
24369 35246
23960 3396
1154 23519
40602 14711
32730 8825
16830 33712
27519 30372
24308 43468
24201 34828
44631 24739
27546 29768
18444 5134
19023 9569
29567 24789
21336 18530
7931 7657
27274 44125
93 39537
45567 33373
32964 4783
45264 4473
25401 13251
11405 43951
37913 3981
32934 25357
14302 42694
36271 18515
37710 9441
27162 41086
41708 23643
15605 44512
4250 10024
28031 33036
42999 33508
29607 3883
6721 1403
44587 33968
38622 42374
14814 7730
40807 6467
5430 6961
21178 26447
27554 43772
32087 2674
7689 7087
4263 4084
35697 28051
35799 36311
37287 39403
25824 38298
31310 35024
8810 20172
251 37621
37426 44283
46232 36069
13101 33210
5863 26552
4655 3170
41622 1303
11299 5980
20715 34425
34725 827
37124 42668
41572 28519
23329 4024
35686 32164
22498 33360
24887 23962
44048 5872
1207 2636
19610 29824
16226 5870
6997 32999
37997 41440
7582 31548
18173 42791
32859 2924
31349 25185
21208 39731
40482 4041
25317 17650
44333 4085
21877 20221
40012 26607
3894 23511
2870 4388
38775 2809
13279 12322
38365 36976
7678 42944
31064 31602
1898 13794
4167 5909
9410 3428
40788 43932
40090 41067
21144 6242
21619 26979
20654 17823
13153 43620
3605 12895
17354 17485
41194 40557
41041 17841
7148 32246
3440 6864
13595 24499
27146 33337
26304 4792
24334 41939
7246 3910
42204 26708
14532 43991
31098 28512
6138 29791
34753 25870
31543 40689
4436 5314
21668 43971
16575 9161
2647 23670
14982 18035
702 34378
26339 45937
12356 15598
42131 23509
39884 37667
14874 1242
40476 45863
4258 32234
37943 13851
29360 32740
27367 14393
8198 9037
11572 4994
8614 49
17310 3009
24847 39862
26713 41323
16356 21599
6677 43431
26343 14432
6033 11574
2571 32105
31582 6328
46527 29411
35804 32956
3128 6809
36667 11987
22908 35561
29185 12658
11259 19558
7480 38413
30336 27103
10343 12632
36109 13571
32852 10196
45365 36949
34321 18915
16881 15570
41661 21099
30246 34512
13996 11964
21113 803
46591 11592
2407 43993
25412 3247
31640 5318
3879 35815
38496 34465
32107 40044
37928 25357
23336 4783
33756 34405
26695 45055
33397 45712
39427 7169
20772 7364
45639 21757
9873 3245
20534 3013
37790 14002
20734 1036
560 21300
30288 4314
42549 18811
26983 12030
39414 3429
35860 12627
8031 10112
7625 5211
31467 6696
32234 19688
9229 44309
8713 44744
16938 27189
38251 10193
30800 41747
16086 16321
15500 20651
34088 34154
13584 45381
43033 14997
20994 7575
27197 22410
42216 25801
32828 39390
33477 33081
10039 18886
15436 1569
35854 34721
28685 19333
44721 5057
29030 26070
735 15146
18087 42866
2179 34916
22390 19590
45054 23356
927 22777
21082 9023
16398 6336
4977 28908
21229 39415
24029 41842
12762 7901
20369 7389
30553 1961
4257 43570
1145 10514
335 17337
22366 26648
39884 23003
38501 46951
35692 27447
20993 20797
19655 33745
20463 28674
41880 39409
2968 5729
22479 21160
36087 41256
71 17096
18394 28871
45989 45060
38147 5587
12490 30110
9630 26017
30290 21892
11518 34165
35064 28681
42322 26647
39183 31228
40891 3571
5293 1641
17256 18094
26037 13221
8699 7251
23955 17446
25260 2060
20584 31735
41032 26413
4087 16844
6875 25581
8898 6700
783 26198
31943 12490
2696 7827
36303 32963
152 5155
13470 2611
32799 9068
39531 7940
45315 22281
7736 14246
38949 28398
2126 39517
45039 42331
111 19638
37332 1025
15478 42
29971 8194
2779 3330
3328 21999
3729 1883
37856 2011
10051 31500
1381 42546
37964 2365
37034 9194
34333 36391
45490 45751
750 10572
8779 45473
23681 38971
24907 27240
12726 12363
5259 45362
7394 14953
38381 8600
26717 20421
29806 43015
22029 30794
13869 36350
43553 33613
30642 43723
36396 45594
43000 7877
27536 16968
791 10558
32678 5102
19873 42125
25632 31094
4027 402
7853 45125
41346 8353
7488 31460
2423 31943
4865 21634
3842 41692
5297 33564
6273 2225
6704 45725
30026 28164
20450 27813
42545 8573
43599 24452
44868 17526
24040 24497
11552 43824
23803 2004
5330 3900
33105 20044
32566 40419
41777 40804
20538 24395
19884 2327
10703 46487
9797 37878
13835 18327
33412 37672
14285 22268
38858 5660
45220 32758
1662 33441
33275 25038
31822 29290
22119 11754
22683 39687
15925 12008
26272 21888
21365 19848
30270 25048
9933 29960
46890 40474
29544 5173
29367 26741
8132 46128
28323 44189
27400 38127
38701 29294
2396 35456
45983 2447
22631 23316
16847 8252
32076 33217
1406 1888
18204 42247
23384 35924
42274 36590
30996 38500
17809 11640
45976 44636
28792 34227
32215 26466
1361 16752
17203 13717
31514 19803
24983 36957
38026 10311
32731 44287
13392 28336
45484 42565
9249 46132
17653 21164
41083 28237
38336 22646
24166 29577
16234 17303
14638 44935
34529 30916
313 25095
6106 36938
44985 35946
11876 5578
13753 32317
6603 44478
41680 13548
28531 14275
10901 7720
1058 39451
37629 18529
45778 45800
43959 19772
21763 2619
43226 5156
8304 11210
11446 62
2546 14374
21136 28621
12884 5915
41979 46787
34019 42739
42362 30861
42725 3671
38079 25039
13614 46270
21667 39445
24957 42033
31201 25783
19979 35369
33132 2302
32303 14271
11723 13453
3444 20468
29865 11558
36979 33958
42741 24746
8907 38718
28651 10257
39665 38682
39991 41086
13686 13887
9450 43433
13585 4595
5302 42784
17613 18092
35088 14245
11188 12350
3301 28058
16177 6191
7066 29529
44621 1897
28072 43558
36903 21340
25167 6102
36884 3391
42208 9985
94 1506
31804 40793
32097 4520
7336 27449
12579 33648
44421 35240
42881 25781
37841 32427
21493 2779
22265 4516
46510 45786
43519 24909
34541 10093
18220 20439
44236 43240
13140 5129
26561 19150
36941 23419
3966 33387
41528 3673
38279 4388
10331 37867
26834 34721
29657 1953
34695 29161
15381 3953
19784 24977
9419 37650
4915 36631
45193 45131
10732 27384
36093 22587
10966 39236
17926 31454
36822 36363
26651 16189
30694 43666
3715 23891
6294 25421
20146 40240
25305 4770
30852 38812
8452 46713
433 23694
3130 13413
1311 6495
20066 1022
6901 1789
24693 9535
24879 15007
26714 38517
26415 39481
9839 31014
1595 28971
28535 33618
39082 42716
23515 3356
8602 36891
38836 7080
44679 40074
17237 33192
5523 6486
17450 34578
31893 29335
9116 21074
17842 2558
37559 29922
20341 33160
37062 3525
43860 29198
13094 36751
23376 17070
17352 46740
38908 36338
28423 33976
40236 32702
6074 29195
12565 29489
32789 16681
10321 4394
44979 35220
10278 1205
18038 30296
38087 45526
7157 37960
25947 40373
30890 34440
3032 13256
13272 1994
6174 22465
45294 5602
36223 8148
10278 27152
44247 6978
17493 29529
39072 19611
8838 4645
17280 471
28960 31774
378 12344
37570 3065
23304 16517
24386 38753
20897 20220
24589 5050
37823 25058
31560 28272
44019 11128
36925 2326
3259 26076
13863 1876
18992 6944
43001 45832
16996 25985
44631 34337
17306 3641
13495 19715
9898 19147
16013 368
4210 16498
22137 41124
4474 45724
36230 9237
21112 44530
44027 26035
24605 5196
2348 45388
34115 45015
5881 6267
4751 12204
2526 2565
46280 22077
8708 42689
7178 41472
36512 22275
24941 10431
28214 28648
2447 10815
15857 46825
33388 39500
40465 5005
27662 10523
8001 27555
16998 3729
27441 1369
33672 27597
16925 34454
9428 29281
431 44414
20761 36247
39071 16286
45198 23672
13715 3061
28809 30440
3384 3262
42017 38561
34888 21335
5756 44914
37753 20797
13125 43795
38492 40940
1061 28743
41176 36884
34456 9425
2020 39128
10016 13055
38646 21015
24337 27472
24816 32408
36241 38920
23062 43792
19925 1066
10449 17604
45133 44728
41403 3701
3495 32812
43748 24958
34471 25938
40866 25898
5578 12006
4036 6553
5444 21621
20369 17276
32406 1977
27021 16671
26589 4525
10289 19603
33545 20372
14110 36916
43527 10571
3337 25781
23480 17573
34205 46914
4440 6593
20696 22422
37263 2639
477 43906
5871 10233
835 13693
14149 21148
22215 35062
5006 10365
21539 19571
6914 1076
5434 26530
24744 237
32046 21035
1982 21281
10763 11949
12462 153
21329 16534
11989 17812
13638 7364
5432 44435
25351 11131
4239 31400
11245 36080
20040 43766
8589 33756
39406 37270
35989 21562
13062 6607
40488 8102
10950 25535
20756 20782
11274 7764
26640 23111
25334 17165
18018 44656
34710 24768
28387 35556
40311 13526
23806 31352
28578 40169
31184 4311
25565 37178
43557 40905
38052 26411
1204 46203
3778 45443
15113 40130
34958 25955
19383 6340
32050 42772
1624 2562
38451 33628
17352 2413
9661 21886
43479 10442
12227 45632
1035 46273
27194 24201
24099 7958
4429 3852
23775 15728
44721 30385
32377 44227
6440 30009
27813 8660
21284 37852
27702 35740
22899 832
41093 44792
31965 7248
27783 39689
43780 43308
40943 29132
35327 20204
31872 18128
9799 14943
25241 39131
25205 2247
9358 45210
66 17365
29955 3919
20609 41776
30552 5124
34941 41982
34405 38025
22580 11907
21267 7193
36509 30534
9322 45355
28483 40294
38225 25791
39031 34857
20443 11672
36594 12387
13074 38868
22947 39503
46339 4618
45134 22049
8943 6045
16539 4864
27778 37404
14404 41519
37101 27341
5265 7474
19664 37357
12965 37576
14928 793
46446 22144
40827 40780
10249 26170
40925 5541
21260 39752
42440 34499
26741 39188
19638 34308
38811 9975
38474 6922
5417 13766
27866 21551
41046 42373
7246 42275
39973 2860
35752 42493
44482 20199
15752 42977
35038 24632
32623 25803
1364 24591
13375 39030
35026 37068
24939 45523
26706 10522
43805 36019
29373 18200
40539 35419
10929 10431
26457 10897
29075 25401
40980 45681
11758 24418
38128 14826
13575 20912
26961 30721
43848 2326
41613 26670
33871 23150
19874 23733
391 723
18545 11673
36965 32843
40709 34921
20867 6432
14704 36455
42732 13935
15237 1407
2560 5932
42744 15899
8604 1673
40381 2229
26865 42747
21988 4640
20986 43179
10900 2283
16351 4300
20577 4871
6013 17874
665 9045
21168 13087
17867 20055
46685 45576
4471 41595
4151 14060
16579 4075
45648 13224
8776 33137
40229 27917
14761 3497
16440 2602
1260 43898
2830 24427
22725 38141
44977 41963
34483 1917
43903 36952
32244 27877
28512 38628
13731 31435
39787 5167
44142 15043
5502 2588
26654 23539
34989 26931
5356 30552
7598 8408
41323 12119
13890 10788
36054 45677
6737 23969
8198 30556
2375 45636
37104 11673
16245 29468
7943 17783
26068 22302
4810 13838
36981 31021
35642 46337
20159 26776
9702 32159
5840 45600
34152 32143
25647 29790
6963 3869
14657 35411
32873 20039
16387 6419
30989 44803
34554 22667
23964 7647
25783 35141
2289 18787
27743 15283
42502 36763
29938 17871
39691 38440
27314 828
40805 18993
37064 35770
41976 43169
2066 12558
26625 43738
1222 23223
46275 10868
6928 26955
5215 22010
37200 8946
19194 34452
19977 19349
5784 27116
5080 22301
2040 32617
41207 42755
25014 4085
46492 45935
15060 37839
45103 44387
7616 20747
8645 24897
45842 23452
2238 21952
38868 39575
27826 14116
34962 15735
3153 32190
41313 3835
8362 5772
180 2435
4793 15149
16000 6954
34250 41918
16499 37908
4976 33550
44987 8237
27543 39002
7128 1997
29509 31597
39438 5018
7924 35319
35530 23556
1390 33905
21706 36738
34110 17781
39426 41205
13939 26586
26010 21338
38492 43001
11454 44150
20581 44062
23117 23683
15691 31788
32856 16689
46018 30965
34812 37136
45117 41968
25543 42245
22047 26031
8536 37984
40808 35001
18304 39536
1823 27924
28436 9940
15463 24246
26332 32613
245 16555
39413 4698
26118 13149
41387 19536
33174 44953
42435 20664
39305 11587
20560 38639
15261 14630
6103 9536
28202 17466
21029 28980
26981 1733
15489 34029
11710 28616
33428 4335
43900 9572
35271 37506
30324 9884
35500 13564
45227 3921
6873 19823
40927 45366
4817 25096
43676 13918
23545 16756
31261 15560
22612 4684
21867 30662
46462 18433
31043 21611
39388 27143
5503 7267
37002 2731
22112 44577
21671 9068
26391 14112
797 4254
26225 5338
27730 7453
39181 43305
20971 25555
24324 11593
13320 31291
27186 2517
17203 40083
38482 7798
26612 32245
26693 3277
8056 30799
3234 28731
13525 17978
3685 28809
19350 45515
5550 28430
31131 16376
7661 28579
2037 3502
20489 25586
12196 35052
2365 41680
20344 38972
20259 4743
44857 44987
27844 37424
34718 13641
38191 41714
38034 26533
10384 16809
25721 34357
46662 29341
13544 27042
44527 25874
33075 10196
21869 2137
18629 16471
32098 10705
38897 1366
25823 39438
25736 2724
31696 26527
45973 18332
7604 42965
25901 19915
17109 6002
1641 4784
11210 5843
42816 3987
37407 43049
2634 26355
35009 44825
9375 29751
37440 964
24872 30715
35876 40125
22112 564
35320 45392
10959 5072
9704 39605
21015 35454
18909 15365
19748 23199
27333 45186
20161 43810
18555 42261
44373 36424
44877 30126
46787 30197
5327 43422
26003 22610
4802 17404
28958 35729
13892 41837
16893 18293
9276 16931
3987 46407
34067 42424
6990 27460
44868 1682
26539 22534
26263 15608
42739 45644
7276 3160
37207 22287
10223 38342
38061 10411
4361 32590
13131 36082
9553 40974
10559 3410
39493 21812
37686 32542
22700 42819
486 41053
42805 40242
20213 25127
24694 31998
4552 27796
29725 5439
21779 8635
7114 45626
21304 6517
29063 32472
44095 2659
9979 37345
31724 33741
4706 40173
8740 14105
2315 12585
36800 34280
24612 14908
8142 3468
45819 30133
22094 37113
17041 20292
12705 33938
30660 33337
41448 33019
17452 29901
6578 7267
7872 2171
5433 24086
19113 9104
40941 16984
13610 34635
32041 22583
4955 25656
29683 23154
35479 41444
9622 35466
39527 40211
42016 3067
28725 28328
43378 10915
25121 36583
46407 2396
46302 32895
40044 14567
44491 7297
975 33293
46739 44749
20134 15223
33412 5481
36292 13593
2024 44964
37806 37046
33113 21601
18182 3220
674 29509
11153 20851
14448 40024
19001 45995
11388 35862
23327 14897
24386 11541
42891 18272
24426 15194
40604 28457
20996 23210
1174 640
40218 22747
3315 32688
10761 22376
17510 33451
17460 30563
27622 17754
25997 20538
9387 17227
14282 34375
9361 46548
43376 37209
46479 44790
7667 41374
16930 24744
42805 29418
17266 22338
11357 18759
32600 7744
23383 45367
16475 44094
60 8508
40558 21167
14067 22485
9112 42620
23949 34737
22324 29202
3730 29567
39773 37520
34763 45782
2911 43352
38690 44581
36636 9411
36562 33819
6014 20811
8839 29692
28298 25266
18890 38267
36136 37693
35211 40170
4797 32656
11609 22273
21409 40756
46130 27833
34745 9679
12467 43647
20045 27245
33430 4998
15607 35134
12974 32764
41090 8031
35753 20239
18657 18979
44523 21602
12470 11499
38963 8293
33442 35085
4950 34917
41539 36421
32015 43834
21975 41683
26951 31266
17219 8493
16470 20558
11616 2057
32871 30886
22541 37968
33529 14469
11766 37429
14149 20946
27339 11893
34287 30071
23182 13105
32372 11000
32776 3460
6735 292
24636 10201
11833 34202
10934 1128
29748 700
2169 26827
25191 39796
4428 42652
37379 10631
14836 37359
362 34631
3776 3147
24370 8339
23959 6522
19003 9192
41000 8042
38256 2230
38542 32453
21899 3674
16552 19635
28360 19125
13029 25036
42236 10350
36728 43616
18730 11612
29478 31106
25153 625
11601 19244
17157 18772
41194 166
10042 3286
40944 36440
44713 44361
11015 2128
1230 24843
18841 6159
13958 8186
5473 26697
23330 6308
30305 20796
23403 43815
16075 6883
25124 4631
26932 46032
28290 27088
11316 12740
46543 28098
11816 19256
8835 44863
12552 23312
13960 26147
31487 17953
42240 34735
39675 19857
1879 25527
44301 33161
31729 366
14061 23339
30740 30142
4780 41265
5805 8802
28541 37429
33936 26837
36731 34260
3743 37505
38006 36771
2854 26352
20681 16924
23777 15432
37959 13864
28338 33619
11134 7184
23520 39015
43535 32416
17441 23595
26269 8097
1633 15422
32826 46285
893 27176
30743 35172
860 13617
31097 5018
16936 38454
29553 37174
11518 35189
25814 6467
20974 3746
26394 12448
43818 5715
1133 33385
18528 21422
33017 27709
16337 29534
11763 25318
17861 23032
20854 44315
4334 817
23120 42510
33321 44248
19049 45278
40283 27033
3272 44273
2253 19983
19444 10442
20654 2725
24276 31887
154 22689
28786 16761
33553 40193
5303 15601
5639 6840
44670 32816
13082 10912
38494 2276
39027 18246
22734 45907
37971 15409
17389 31809
12447 30263
38102 43234
32038 4324
6539 12419
1093 46336
22659 43521
21508 6413
32095 11639
8440 29504
23687 12405
7143 5849
8076 2943
44640 1390
34593 19896
10863 36406
8024 40530
23087 8534
37607 13377
1284 30501
31819 7242
19503 5029
44863 5112
44793 21893
23742 35414
37639 24466
3028 6357
8313 36209
11462 40357
21524 38807
22905 36404
21599 20273
2908 13386
43358 12707
7235 5939
27990 14374
28394 20091
36117 24489
25295 34456
27263 17703
2060 25692
25351 41507
14854 19478
43079 33631
13383 39450
46486 46001
27534 6669
2039 18870
37269 15507
16568 13944
39267 39769
29807 11604
42764 24236
20505 27510
29441 22271
40977 38194
27050 13488
19406 18911
20424 18185
8023 21931
44520 23233
4990 35524
24718 4400
12698 12294
46844 3451
10183 31184
2275 18033
44051 35290
21171 44297
6550 11436
18181 30080
3415 40988
38432 4380
15925 12172
23013 7970
40416 34351
41519 967
1825 45802
13032 8081
28826 43976
46818 46643
778 7011
7465 29198
23577 30685
25347 30972
32952 4791
19407 32525
38571 1616
44333 40513
8977 36635
37906 14252
32263 38628
32382 25022
9380 2450
33004 37781
32237 41376
28550 26778
40636 3528
18702 15728
45835 41651
25346 18335
24500 24280
38884 12577
5044 11328
46876 40431
24530 43652
15889 39741
32327 23737
45653 1919
8913 14052
18645 4504
2270 32018
13160 29656
10973 46717
44755 32976
19873 14607
45126 43936
13271 7056
30856 36749
38034 21096
19620 7579
36368 12182
30926 12902
23084 44516
21867 41970
44750 36747
19773 29465
25780 26336
16772 27654
14562 1580
9668 24369
15837 41202
2684 10011
11063 26466
14443 30873
1737 10697
2362 29788
5331 45707
37180 36860
9940 34912
20369 17590
45281 45159
42998 18327
45723 19889
34786 7436
22333 27821
41003 42401
37972 43195
26737 17927
25810 5864
44722 757
25014 40135
14369 14656
37424 24356
24949 42315
2547 15677
22284 24554
35328 31456
14919 40583
35574 18513
46752 4194
10451 2444
14022 36620
29287 6146
20241 22650
16104 7281
36106 27045
44006 27803
24771 37060
14708 5079
12318 13861
16490 9454
16390 24741
13227 12896
27665 10500
25259 3665
15703 322
9728 43116
2124 25859
42748 44424
40108 20679
36662 27343
46593 31785
41010 29150
5938 22401
44582 28637
12849 612
19149 496
30720 15797
4962 26117
42558 29591
4450 13579
35628 17345
35116 33362
43145 17121
14611 8872
22775 29628
29725 5382
15239 18005
37782 25254
45213 46803
34411 39834
2603 2829
38473 1792
10523 21380
23126 34527
43567 42979
3390 6838
22617 9424
1747 17664
5519 11524
30823 17596
2793 14159
2137 3340
3758 41649
43880 14705
34025 12165
409 38270
20139 20154
36726 28673
12193 885
37048 44068
21563 3958
1497 38646
44087 14275
18962 2227
23440 44015
44158 38354
9336 6695
14949 24369
11489 26225
43551 16093
24034 38692
40369 7228
32665 34707
27848 18232
45588 9159
22744 23772
8284 36345
45180 32556
29273 4712
7312 35381
26280 11500
25625 12110
32771 45196
16297 43549
15195 9223
4881 38633
9400 16380
3681 14403
13375 25998
30280 26545
28706 18055
9713 21787
1266 29084
19704 42162
8143 19856
24279 36926
34034 19657
1289 22975
13867 576
24857 38923
15406 46605
545 13538
33624 44129
34330 42490
41048 32842
45054 25530
28863 45864
10665 9087
21564 32427
43302 37205
1427 33719
43903 15573
37807 10748
16723 15750
6381 21353
21491 45844
38724 37006
18721 39907
26570 928
33438 31704
1540 11321
2196 14211
10461 18062
19981 33637
12027 2123
6160 33659
38668 25498
5048 4137
35707 41477
6472 28052
2941 3711
25037 36102
38155 15217
31040 19125
1023 27596
5339 45644
33793 292
45628 43635
34869 23393
28621 46859
35504 18806
37016 27070
13729 41291
14009 35024
26469 8642
13167 38369
14777 38293
36589 8250
17320 29024
8833 1106
32315 36456
14401 12374
46069 37709
17814 699
8551 33439
9868 31931
39676 1433
10711 16783
6730 12840
13687 15114
23595 19027
5095 22464
31475 16115
11510 26088
6241 38048
27625 26820
16254 2086
15140 3130
30888 43147
26726 10643
24997 5124
12910 25765
33382 13981
40079 21176
9461 1456
11556 35372
11530 21595
42427 23375
36535 7451
38666 29299
3451 27464
37348 30467
23579 14455
6118 41935
33650 40550
41474 24759
30479 17863
8618 34658
8393 36223
8299 12562
43662 17579
7862 20282
29648 39575
31646 19343
19637 42042
959 2186
4721 9063
33334 43580
26845 24729
12393 34913
24519 32895
27791 32070
7927 4422
31642 1360
27732 36073
42806 4596
39871 25787
26155 7143
43015 19097
38141 28061
32550 34104
38813 147
27751 16154
42351 18665
46644 45038
8316 39459
31156 8369
44986 39647
41395 28479
28780 2197
44019 17566
29720 27548
36692 27327
28172 19222
42822 18380
34827 9784
23957 13309
7196 6914
1467 3186
8468 28232
36233 11564
14253 30832
37960 43891
4641 22484
2025 28452
27741 44679
3975 44860
38977 19784
20838 23396
1346 46761
26778 32810
27742 16245
19401 10803
346 35595
33733 23322
26646 30401
13242 16068
45650 3145
12377 39751
36399 26970
43661 10348
35484 5313
42755 40891
25794 12244
12280 39798
26917 7814
34837 14646
41160 19130
15141 5084
38674 41380
43238 21866
19309 45142
4447 23059
16569 7986
29340 35900
46879 7739
24621 33701
2668 26090
17275 44795
8088 11893
46436 13511
34744 18251
4379 37379
2415 3801
43754 1803
21366 34969
12051 23189
31170 10063
9612 24550
14138 34491
36675 214
44195 17059
13897 2713
25565 25287
17340 33566
44137 33056
20665 40300
17405 41427
14714 2897
5354 44049
36821 16922
40428 34563
20682 12872
19474 5321
30123 803
28650 28261
13487 14454
7805 37102
45763 36500
26615 40536
15750 10268
21320 43856
19584 36798
44561 3274
46273 23073
16196 8643
14268 863
27028 140
43472 38245
16810 8141
34287 8911
21530 29915
32265 24761
30703 38332
37486 40868
26923 26345
34023 42768
13643 19901
39689 41251
10474 30144
36264 8126
17320 46679
15183 8950
30948 35399
5481 21099
30052 20264
44488 24490
28358 44025
32795 30560
14341 6336
41771 5585
20694 41488
7705 8437
28541 894
30109 19639
12581 29384
37772 42690
37113 34849
7692 23046
25195 39518
19940 18614
24311 4907
40642 30207
31988 37544
15654 40801
10740 17207
37458 7829
7478 14764
25665 16082
133 19026
45242 24575
35151 40742
32102 27721
42465 40438
9292 45833
2997 6237
44769 43030
27450 29515
280 6639
16085 46155
32799 11527
44298 21492
7793 29520
29535 46702
29065 21404
23507 16996
34268 4073
7137 25925
41799 3482
38809 20237
43825 16049
7933 43
44992 29458
44808 20295
1143 26111
7456 23627
5406 42480
29987 36903
4555 28402
41776 21374
10037 4169
30948 17521
3029 31636
26936 11245
20763 33561
35332 7125
16665 20988
15905 26285
28493 34108
38436 22743
27979 1559
20318 39383
8304 41492
46553 40559
33922 42733
30273 3805
1260 22163
45790 5133
26995 2531
37908 2047
2287 7606
46746 20568
3061 14242
10832 12968
43278 6315
3588 6152
2346 5981
43490 2839
11462 23515
7998 14925
41835 23426
10525 20224
24916 31829
46952 23708
15365 13054
12690 18097
12976 24450
22211 45297
28748 3615
14822 16694
25636 3121
32753 13493
30590 14384
46523 15521
6051 11679
24745 88
22505 27555
3512 34656
21325 3032
36217 28496
34002 26808
41284 33144
10043 40273
12724 1136
31806 44660
1884 24864
46907 28819
1190 34452
28478 2224
38171 36635
4606 24943
30978 46375
17294 35044
44978 27684
38978 13217
30240 1640
13117 41134
42189 3531
8003 44470
30242 34709
37408 12684
28515 21920
45190 10937
32888 20324
25324 33986
6954 26559
4970 3838
8748 1083
7740 3404
40813 18164
9547 23694
41210 4264
20137 1896
32149 46765
46768 9699
45519 10109
30174 19357
13412 26723
30625 10227
39042 5556
42704 43259
8416 43651
42332 17524
36688 20578
25570 11814
3690 4868
26013 20000
39307 30340
33101 1840
42483 38483
42993 12136
35579 33649
46055 3580
33484 21562
39679 11252
1420 23301
4625 45039
19961 26942
28665 44176
7856 21469
16699 33277
2126 30550
35189 1191
7556 4764
45852 43889
30453 41807
12374 31172
8744 27467
24285 3434
23723 28868
6911 6986
11618 37659
36842 19063
17015 23566
11964 40692
33833 42732
35795 4060
20288 41584
493 38571
18654 21074
17999 13720
23240 7189
38187 46698
14159 23015
26337 32320
13477 46643
10710 1483
18749 26757
43050 30432
35186 4228
30030 1018
23494 42213
4355 40589
43785 6678
23 5024
9104 10446
39826 3171
23365 10437
15144 32208
24416 34474
33099 16540
29960 30668
25643 3006
42717 40144
38580 13489
36109 45742
34407 34150
2987 35922
46532 29964
18566 27264
13735 21115
41619 5864
13098 6859
2928 726
18426 19412
6876 11993
10880 46509
8912 36279
31006 38650
39439 38085
29732 33249
8246 23534
16195 4551
14864 8083
2923 46324
27710 31089
35150 18162
19973 8101
16655 42660
25163 33283
40867 21832
38268 13393
2311 34258
9739 25261
34017 6145
20700 32402
25930 37673
14893 38332
11022 7839
31442 43031
21956 31290
413 23949
21820 39955
16554 43692
28566 18368
35893 21938
12913 28828
14484 2
27903 16493
34641 43010
34907 38513
34 33135
32159 33582
36657 11765
11151 15692
18968 24250
46396 3972
32524 1682
33616 9444
28612 34921
16330 17588
13621 24492
10599 35666
7641 22898
34215 21717
14591 28879
33707 13869
138 46290
38225 15505
28351 45639
4755 5485
33596 22424
4922 12645
20760 22332
43149 7657
7620 45087
8777 43882
2680 38413
20437 10862
19344 33276
28859 19987
32925 16493
28434 35085
38884 43516
3790 24745
4795 14808
1645 29340
28562 16689
12672 5149
45633 41416
18177 21853
21615 2810
3793 6175
40862 34388
28450 4896
10167 45519
42238 23667
38174 29013
6883 22723
15272 12611
5375 38219
3458 24701
28901 23213
8889 40583
12569 28489
27425 23295
41849 40657
16133 41264
18013 24499
5197 310
31569 25910
26096 13803
6266 45134
2600 22735
10577 26076
33023 1406
3636 5868
36871 42957
4585 15942
38964 37240
19762 14312
43231 35274
40931 29525
30427 41740
11499 8329
1530 26780
5670 33122
19704 17957
11302 13279
28632 1298
40211 23778
31822 40455
10401 6463
18855 24549
10187 25599
16969 15394
22478 12979
24857 7905
2679 3810
38220 16746
39730 42060
33542 26932
44263 28118
32078 19126
15120 42280
36214 24463
15882 12510
25941 30805
3038 20372
10731 35441
1441 1426
44120 6303
43902 22137
38372 771
24119 41390
590 21806
46931 43645
46578 27327
39049 10201
38072 26370
42297 29437
4713 45589
19930 26630
44358 10335
19618 14102
3717 46444
5308 953
19595 30045
10260 20219
25946 45157
25669 27466
8596 27465
25648 1261
14466 6274
18507 14176
30162 20831
2758 14915
11903 22705
15682 14351
41533 35409
8083 24683
37462 31666
20264 44367
17774 6858
36753 8020
8137 27543
37240 25554
31224 2061
34319 1426
19009 21202
38320 906
42683 4324
14744 8862
37965 45656
23040 4336
26268 14168
16431 19352
10803 16552
6146 18794
24596 6034
44423 8312
16646 2304
44462 41959
13889 3868
7221 24185
12955 10405
30633 1479
45941 29231
40584 3097
18846 16456
18391 45179
39591 32792
38488 42891
11655 43406
41108 45731
35877 37407
26526 46148
43843 5182
20915 43676
9843 13061
20597 33492
45038 4039
29061 11251
36252 44437
5836 37882
12416 33186
1914 17313
5255 4765
22220 8345
5616 9587
43280 22654
32095 23847
8196 34443
32686 26403
37991 39619
44207 1274
38031 17881
17361 44723
19705 33858
8132 6130
16598 31039
25053 1484
1840 45566
23816 1924
57 7805
46644 13113
2635 25078
22495 15666
29117 18211
6627 7930
40219 41938
10779 37155
985 25897
2489 32690
9834 38387
45441 14646
7114 24682
26590 16325
39574 2445
44708 20397
29846 5277
16575 8662
41927 30336
17283 29655
22102 5418
27083 32958
4478 22153
18174 20686
14055 11959
41690 30139
46189 15773
9960 13552
40714 26340
11972 36104
11030 6797
33520 18585
16223 915
456 46594
24929 14607
3669 16500
25419 30513
3168 12961
22266 5887
735 45970
26681 24340
29385 8288
13188 38628
34896 41083
5765 29192
34157 33465
18929 982
38125 43353
19285 43703
39245 40724
1778 28142
45944 44508
23932 23890
17074 34631
40681 41026
3758 39419
6146 7807
38703 44137
5769 21229
35609 45512
28639 18391
11639 31168
39728 30853
46352 1922
6342 30405
8260 38610
9855 38501
44311 35352
32996 17173
29221 1840
6501 14362
8024 7316
34926 18214
4769 5924
32494 10275
41431 45135
44452 40746
29941 11213
26629 43831
13377 3271
11004 40372
18712 46167
26499 22862
31322 24569
33254 2181
9642 35415
23441 17926
46006 30780
3019 43747
7858 5223
29087 8670
35914 8033
3659 31213
29919 34260
29065 31484
26603 20551
801 40384
17888 45057
13439 8773
26635 26847
2231 21853
25741 37348
41754 34941
1126 12479
35329 12112
28105 8406
17714 14178
29079 9659
1149 41438
9966 44112
24391 7167
10959 30861
37487 41134
25617 38319
6346 17838
23035 1781
32313 10017
41017 40184
46187 43889
9418 18856
22422 40328
14355 25751
35740 18823
2016 10576
44232 46172
29437 34062
12954 24676
25722 36897
39537 822
22466 19167
42566 25170
8075 703
16713 33133
33569 17828
12681 39210
31759 10585
20805 33216
6718 20846
24350 36137
8252 44358
23582 38557
1817 17171
18694 2077
13623 331
44815 21842
9002 5255
31695 19677
41923 22329
12827 3611
24465 40077
40477 20688
30226 39221
44989 17607
20493 14259
34137 21015
8318 40505
15318 25112
13017 10480
13215 17487
8250 19946
19171 12596
35470 23778
34369 6653
32335 18641
33958 41300
42802 41300
1765 32328
5373 27442
44043 14048
38320 20631
24513 2570
32942 33888
35412 44255
37292 14598
33159 9102
22916 1775
17465 31388
38138 18372
24160 27377
19576 46708
31549 20095
43587 29645
44093 14177
44840 3679
27745 36637
21058 17215
31364 46536
19390 41773
1640 42491
44175 27294
16155 40659
44749 29048
29613 2749
10129 13220
38155 40750
41202 43730
42351 44836
44044 27861
23694 16144
4261 44023
36897 27210
35174 19124
14492 8813
1594 31116
41578 42299
20485 43869
26198 46018
35288 29369
1698 37933
20110 11117
24615 7791
27725 40682
14047 38856
43923 44495
17664 19335
39272 13082
7682 36853
23306 42375
46616 37261
19048 31384
40037 40233
18534 10932
10714 18238
132 4158
639 3975
41776 35333
27569 12180
43727 7631
5220 30946
34533 19936
30991 29308
31783 37730
18829 28723
609 1112
12012 11021
33865 28256
1094 12519
46009 31575
11777 1913
17285 11902
38279 13563
44912 24852
26479 8118
21936 35821
40680 25528
45386 29637
40888 43861
35324 32513
46333 43856
21522 22263
4668 10545
20065 40946
22863 5113
32093 37630
26599 42285
26317 36467
8121 19722
32806 31179
37755 20781
30391 14771
4954 4621
6698 16551
46404 43826
40147 43667
25014 17500
43656 27318
32958 36720
13147 46080
7600 23236
21336 31179
45849 43962
30588 17801
12204 15744
30049 43889
10143 28616
24264 6364
37289 44272
18749 42208
12065 18949
17715 39630
31599 30954
4675 12277
29327 22733
2646 24722
5275 40199
40245 44679
46538 32305
13184 27621
7022 27713
17628 34249
35064 26753
6272 2544
18760 5479
38009 32977
20831 11446
20352 2127
22215 7910
13672 5483
26488 35020
37560 33699
45216 21149
37473 17113
14269 1244
24158 27766
7115 12732
18092 24343
8651 12720
46163 43026
8767 3091
3951 24853
17627 45535
35067 36137
11108 30129
16027 23367
29773 12877
32399 8027
2975 10490
44729 34699
12977 8852
35213 44546
33126 46261
44765 44284
2751 43516
6628 3548
7244 27990
23663 3855
44595 8080
32052 27782
17268 1823
44924 38221
35412 14445
21021 45952
38159 33121
20184 2099
21200 38981
26394 27763
29935 4974
10821 14693
20222 23505
41815 11914
22160 22600
7003 39105
33224 18063
10204 35167
36991 2122
26859 20898
44835 36331
19825 29081
3590 45204
2095 23087
8368 41583
22453 24202
8928 46853
21370 34349
20404 13372
1383 15290
20184 43911
15405 10676
17081 43234
46461 12562
6985 817
35153 32071
4972 18761
28534 25435
11776 46621
16253 29352
28642 18763
2692 45336
46822 46723
11359 34256
46359 26135
10762 16822
11527 4824
18162 23579
16325 23815
2348 35388
44442 21711
19552 45110
9545 21910
24580 32558
467 33050
27684 10779
783 38010
14211 17509
11474 32495
11185 31125
10160 42616
10400 42294
44110 33299
8364 12557
12636 1563
41708 26444
8926 16760
46378 25878
6206 46953
18072 44612
45391 43634
3314 14199
19495 14575
5655 30114
3977 21902
2090 39674
33425 18606
32813 10780
18368 40332
15759 30383
10241 43416
9984 28485
23015 36327
32763 45462
37957 22301
8736 15714
36293 22030
42526 16149
15988 42770
40957 1928
15507 19283
9016 44352
29176 34767
45340 33486
23678 46010
26987 40534
21112 21942
30903 17261
26312 561
41743 24199
27511 28861
32984 32544
23830 42003
18579 38790
27488 3584
27569 8107
2616 25744
9086 46107
34262 3209
38585 46240
39090 14910
39777 13766
29203 20060
38685 35839
3017 35846
26451 6379
22312 18681
24532 23557
12706 29238
9922 38701
21774 16118
45756 2378
22853 24037
21886 16350
21240 42951
31874 5230
37565 33295
27700 44027
7577 15366
22375 10125
34981 42402
22437 31529
4465 7804
11863 26410
15034 4340
15196 5576
23131 6301
20246 6910
33284 3568
30516 22197
6463 2500
32428 30889
13951 36219
13936 44499
10399 23825
13945 39471
3979 1046
5499 23665
38393 16817
13189 15099
28514 35679
39124 26706
46647 17659
9168 46673
38269 29981
41445 32844
23212 46694
39554 19636
8071 18484
9832 4845
9168 37561
35298 32349
35664 28167
42920 17146
31425 11835
28955 19204
18657 34962
31077 34552
14798 24053
42274 1001
45814 37913
3415 25619
26244 27720
482 32371
5166 13235
29170 19430
26396 20718
43287 32232
10723 34053
1100 29310
33448 1621
21925 26236
10038 30720
35606 41324
46407 20587
19654 30253
16710 38805
31398 4851
10482 43813
5972 21961
37823 21879
29673 24127
3741 36124
6648 42771
457 44772
25842 45559
33909 37914
2544 39917
33873 16904
21305 7789
41472 15309
25202 18517
33403 6612
38542 7333
37508 9568
9339 16803
8395 30749
148 8013
7619 29829
30565 38193
39178 31197
16341 30495
43052 13961
1120 15440
30416 29887
19753 37816
1735 3241
36728 45170
23861 39289
2146 8528
20497 43064
26119 15358
40128 39197
40194 30407
38766 39543
15974 21150
5335 44969
9347 14030
19782 13901
44127 20031
37591 40958
43487 19624
28584 4843
40470 6036
20272 30839
39896 3324
41500 15324
43469 36501
34462 28053
45886 1108
21686 22982
231 2624
7830 29282
23422 25165
29661 972
37695 20921
22652 21277
26500 39213
21275 26540
18700 30610
4192 45281
12523 30367
30393 19751
39163 45497
29075 28926
45715 21093
25378 9871
11779 42852
12540 42167
4780 241
42448 42596
17417 42550
15451 28527
38875 41934
2516 44194
21874 34785
28287 31144
5894 14170
4009 16916
6509 45031
15700 44194
25714 21451
19826 3846
20770 44627
35583 15109
24186 32799
45907 35771
242 6819
7996 20627
26695 21963
45737 26245
22913 19255
21102 26509
23635 39077
30573 6050
22677 43741
7688 40361
24364 44384
14478 40710
24995 10266
44685 42039
6933 33762
21732 11320
41039 7552
10099 35281
35612 19686
14308 444
16445 10007
17004 26812
2800 38563
17279 3022
6549 43434
34565 12927
29480 35324
28861 30416
18533 35548
16349 35217
39415 32697
23775 31537
39816 22452
39065 39084
7224 44906
3768 28058
20764 15042
43746 36848
46286 4901
17872 40925
44301 12902
36950 42247
42176 28063
38957 26094
13852 31369
44931 8487
14254 13447
39289 46818
23070 43804
10352 14551
29569 41349
34966 32032
45938 40190
5762 23473
20322 25525
29706 18082
17900 35075
26142 40188
42118 19942
40620 31760
14315 41423
32483 36303
46250 21811
15062 9901
46210 39434
45018 16127
20579 31738
17523 44483
6151 9615
30044 4677
12841 5987
38970 1349
43897 5979
41052 38903
28263 18685
33652 20814
26552 3717
40501 27029
25646 15291
38396 34064
5385 13762
1438 12175
4125 1591
11610 46357
15287 39407
151 40468
17714 2581
2685 16956
6765 41090
99 15423
4317 31302
44284 41922
9397 2205
6747 41332
30717 14766
46897 14056
17926 39491
3881 40645
34346 21662
11899 4341
40400 44431
39564 34596
7968 23605
32180 19802
9820 38342
12293 22417
38327 23152
38350 22216
39839 36081
10338 5604
10764 29038
39883 40236
44400 33137
2189 19926
42518 27250
10410 10602
27519 6002
15029 28562
5451 24418
34618 9573
31688 3962
22625 7991
2271 27443
32433 31877
37846 30992
38202 11931
43852 5023
17508 11601
42198 13500
42336 16125
1927 12882
41967 12463
38395 26074
8609 37491
45848 34344
25761 16364
39999 3206
22795 34326
40102 39523
15984 12598
7777 22312
13983 21989
17057 32093
5970 9434
27022 25486
18496 27889
20822 28739
36226 1085
8980 11213
19407 22359
9347 2040
2265 2821
17752 6082
40426 15598
46653 41076
7512 23222
30875 7428
35912 20256
41432 37391
10122 23439
10614 13031
36150 26206
6679 30466
4688 22326
45340 23753
2454 42919
18989 15594
13210 10064
14343 45009
2470 22204
29129 12125
39080 9751
15854 41179
38472 27561
11509 3656
7559 39780
9600 41083
14292 28326
43399 9500
14648 7461
16803 30268
43835 11823
8124 39756
21278 3931
13097 9934
32734 20846
30984 32504
39042 10680
16203 12121
42095 8239
36530 5103
22603 18432
34281 23742
26920 4216
3389 33596
28218 33470
5403 40701
15570 10680
42283 20417
36849 13778
6446 14757
29289 21641
43505 45232
2286 19897
35920 14897
768 24668
39013 33129
9274 21811
5028 38791
40546 5941
35639 16775
40419 46687
1077 23266
42917 5414
13473 29382
37946 1136
41972 3114
35956 883
32819 252
6137 5023
19369 40953
41299 2592
40770 40170
26976 39546
14531 29396
37308 32723
20514 13496
19275 45785
39132 35904
30317 9411
25436 27689
22228 23335
13714 12000
7651 16374
8633 36885
15677 6075
17241 20331
34314 20432
24655 42387
36715 22335
34835 31188
16923 24703
42384 25323
6396 10861
46742 45571
20353 5124
38415 41670
27305 1408
36747 43618
14631 40945
11617 36097
7287 46089
12208 11625
42570 5397
45298 39034
15235 9638
32335 6450
13719 23204
18034 12708
20996 41046
12850 28437
39059 11033
7180 11501
5578 34166
15239 30300
4992 10217
7769 33129
29918 6390
27560 517
37119 44175
43682 10749
19758 41382
43885 10103
22945 33123
24342 25783
4964 137
8260 21622
41296 31488
22502 12440
15772 13612
3914 25717
10365 1917
10859 30833
13318 29441
25007 28087
33910 35190
42505 39148
495 8262
30017 23301
45438 46315
9098 3105
26477 15872
34527 35740
42340 9704
29743 40211
12492 11148
14342 41034
21924 17731
40349 14612
13665 1271
11397 43047
8566 29536
26399 43757
22746 2959
21402 32985
45943 17188
6634 38080
26862 27518
46646 10018
18769 38731
4218 42936
22603 9928
39451 32916
19414 35136
2073 31557
27854 31919
6894 41015
33361 6921
9524 13834
45544 37035
7549 23611
20091 28237
10184 38450
22551 37706
11505 36729
935 9782
23674 18379
31645 34866
1289 31101
11560 13644
41261 26073
14136 8088
28375 29620
44431 43208
26590 42133
4183 40802
27605 23858
30790 31687
39710 12098
32669 34716
3840 19457
28470 864
13795 29827
14399 12099
272 34174
17507 37266
28417 30840
23976 19984
45346 18789
11507 46169
38371 5785
10309 5925
2196 27693
17088 4271
16753 12862
20378 9558
22689 46224
19269 7682
22374 10687
20703 8447
13733 2688
31444 39942
40284 12973
4391 42892
32232 42093
8765 21793
169 31628
14103 22021
30865 23145
11104 29279
8160 14727
43352 26556
28484 15096
33337 30192
32721 199
4010 38936
25933 34210
7040 45195
27148 34680
32531 2473
36570 44997
15113 26796
36220 22693
24887 19527
13843 39717
33528 2879
43560 23614
46071 8512
5690 9148
12786 26027
9373 45766
17326 43022
34275 35354
16420 33168
21992 35181
36577 40454
22323 44966
6990 5397
40588 26500
22165 25617
33625 45037
41165 9155
27579 5290
37776 29048
35030 28092
38836 43908
43737 32672
39481 24868
104 24074
21074 24538
5915 9920
36556 10908
35311 35164
4508 29185
3746 18847
21071 1405
10001 3738
32121 23766
13196 14144
8218 22087
37877 13719
29120 30292
7202 41114
41952 25009
38220 36787
12414 11281
46429 20964
12472 35132
24454 14332
9797 35467
3649 3525
41433 19270
26821 34450
15737 41996
16977 6570
4527 8384
46579 44240
5097 33751
3984 40721
38087 27346
9413 27540
26103 8896
32405 46738
21776 35759
15382 4795
5262 12860
44282 16541
40082 19473
27411 28279
38667 40810
17763 35159
20024 25214
19426 2619
38045 44252
2570 34052
17346 40978
18193 15315
747 20539
33652 9563
21764 30063
25467 39318
26206 46764
40780 3904
18365 19286
32995 11258
14087 10770
21218 2911
10853 41827
45511 4313
44856 15968
27629 703
12668 13466
7861 45104
26360 1464
40685 26120
32164 3287
31879 19732
31242 27911
5497 15722
20797 8497
4355 3234
29748 6928
25884 44665
22111 2572
1937 9123
46250 41951
5896 8333
45073 31136
42919 15860
9397 32867
7432 39785
21587 38106
40883 44102
10891 22568
23264 45674
45549 17290
8268 4008
15002 3043
38295 9455
3149 19866
11185 12959
29405 13752
18715 26175
34024 43408
25724 36546
24740 27900
30317 3534
32394 11731
3869 25955
44691 34653
27272 45754
1129 24505
8004 36058
3636 34511
43793 33606
5448 2758
38990 41117
32652 13954
34804 40755
16206 13044
34181 15522
9129 13251
40386 34197
15197 8382
38910 39176
3675 29791
25300 17334
32723 44951
1423 26296
16110 12186
2508 3069
